40  40  k_cn  k_msh  
13		Alfa Points
2.0		Alfa Step
cn	M=0.60 01         	 02         	 03         	 04         	 05         	 06         	 07         	 08         	 09         	 10         	 11         	 12         	 13         	 14         	 15         	 16         	 17         	 18         	 19         	 20         	 21         	 22         	 23         	 24         	 25         	 26         	 27         	 28         	 29         	 30         	 31         	 32         	 33         	 34         	 35         	 36         	 37         	 38         	 39         	 40         	
  0	 3.3040e-002	-4.3368e-018	-4.3743e-019	 0.0000e+000	 1.7347e-018	-2.6021e-018	 5.2042e-018	-8.6736e-019	 1.0810e+000	 2.0948e+000	-1.1939e+000	 3.9882e+000	 1.3878e-016	 1.5543e-015	-3.3307e-015	 6.2172e-015	-2.9415e-016	 4.9422e-016	-1.2909e-015	 2.7480e-015	-5.8287e-016	-1.7764e-015	 3.8858e-016	 1.7764e-015	-1.8041e-016	 1.6653e-015	-2.3315e-015	 2.2204e-015	 1.9429e-016	-6.6613e-016	 5.5511e-016	 4.4409e-015	 1.3878e-016	-8.8818e-016	-3.3307e-016	 0.0000e+000	-5.5511e-017	 7.7716e-016	 4.4409e-016	-4.4409e-016
  2	 3.2940e-002	-1.1300e-003	-2.0000e-004	-1.1300e-003	-1.0000e-004	 3.1112e-002	-4.4700e-003	-1.9082e-003	 1.1011e+000	 2.0865e+000	-1.1939e+000	 3.9882e+000	-4.8991e-002	-2.7380e-002	 2.8163e-009	-6.2655e-009	-1.6866e-002	 8.3917e-002	-2.1820e-009	 4.6285e-009	 4.1431e-003	 7.2436e-002	-1.4716e-010	 1.0648e-009	-4.5013e-003	 3.2520e-002	-2.4356e-010	 2.8610e-010	 1.7587e-010	 9.8285e-011	 9.2022e-001	-1.9048e+000	 1.2109e-010	-6.0249e-010	-2.3607e-001	 5.6498e-001	-4.4618e-011	-7.8009e-010	 3.1567e-002	 4.5745e-002
  4	 3.2820e-002	-1.7900e-003	-4.4000e-004	-1.7900e-003	-2.2000e-004	 7.7701e-002	-1.8315e-002	-5.0886e-003	 1.1519e+000	 1.8650e+000	-1.1939e+000	 3.9882e+000	-7.4150e-002	-3.2861e-002	 4.4515e-009	-1.0401e-008	-5.8162e-002	 3.8914e-001	-3.9472e-009	 8.2899e-009	 3.0548e-002	 7.7343e-002	 8.1745e-010	-1.0307e-010	 6.6606e-003	 2.1749e-003	-6.6087e-010	 1.1069e-009	 2.6618e-010	 1.1796e-010	 1.6082e+000	-3.5140e+000	 4.1758e-010	-2.7938e-009	-3.6568e-001	 8.4629e-001	-3.2899e-010	-8.3293e-010	 1.9864e-001	-2.1514e-001
  6	 3.3197e-002	-1.9600e-003	 3.1500e-004	-1.9600e-003	 1.5750e-004	 1.3661e-001	-4.5465e-002	-1.4910e-002	 1.2529e+000	 1.5620e+000	-1.1939e+000	 3.9882e+000	-1.0419e-001	 1.2668e-001	 5.1195e-009	-1.2884e-008	-1.4046e-001	 7.0802e-001	-5.6451e-009	 1.3733e-008	 6.6178e-002	-8.5314e-002	 2.6192e-009	-4.1187e-009	 1.4456e-002	-5.1499e-003	-1.0468e-009	 1.6350e-009	 3.7403e-010	-4.5475e-010	 2.0093e+000	-4.5001e+000	 1.0084e-009	-5.0833e-009	-4.9466e-001	 1.4574e+000	-7.1270e-010	 9.1878e-010	 4.3762e-001	-6.8608e-001
  8	 3.3733e-002	-1.5450e-003	 1.3850e-003	-1.5450e-003	 6.9250e-004	 2.0601e-001	-8.0870e-002	-2.8499e-002	 1.3933e+000	 1.2634e+000	-1.1939e+000	 3.9882e+000	-1.7756e-001	 4.6312e-001	 5.2072e-009	-1.3385e-008	-3.0212e-001	 1.2331e+000	-6.1049e-009	 1.4648e-008	 1.2390e-001	-2.8388e-001	 2.7371e-009	-3.3896e-009	 3.5753e-002	-4.7313e-002	-9.1972e-010	 1.0632e-009	 6.3741e-010	-1.6625e-009	 1.9630e+000	-4.3210e+000	 2.1691e-009	-8.8532e-009	-5.9411e-001	 1.7441e+000	-1.3344e-009	 3.0572e-009	 4.2496e-001	-5.1220e-001
 10	 3.3000e-002	-4.2900e-003	-8.0001e-005	-4.2900e-003	-4.0000e-005	 2.7600e-001	-1.3209e-001	-5.0291e-002	 1.5800e+000	 8.3043e-001	-1.1939e+000	 3.9882e+000	-3.2557e-001	 1.0005e+000	 3.2575e-009	-8.8340e-009	-5.0330e-001	 1.8783e+000	-5.8532e-009	 1.4094e-008	 2.4689e-001	-5.9549e-001	 4.1349e-009	-6.1650e-009	 2.8985e-002	-1.5306e-002	-7.6959e-010	 4.5263e-010	 1.1687e-009	-3.5916e-009	 1.3362e+000	-2.7131e+000	 3.6135e-009	-1.3485e-008	-6.0088e-001	 1.8369e+000	-2.6589e-009	 6.4131e-009	 5.2687e-001	-6.5651e-001
 12	 3.2230e-002	-6.1700e-003	-1.6200e-003	-6.1700e-003	-8.1000e-004	 3.3549e-001	-1.9516e-001	-6.8852e-002	 1.7486e+000	 3.4790e-001	-1.1939e+000	 3.9882e+000	-4.6947e-001	 1.5215e+000	 5.5807e-010	-3.0810e-009	-6.0272e-001	 2.2465e+000	-5.7238e-009	 1.5707e-008	 4.2536e-001	-1.1067e+000	 6.3695e-009	-1.3119e-008	 4.0107e-003	 1.0493e-001	-6.0185e-010	 2.4681e-010	 1.6853e-009	-5.4619e-009	 4.9077e-001	-9.9579e-001	 4.3272e-009	-1.6129e-008	-6.2958e-001	 2.1190e+000	-4.5808e-009	 1.1919e-008	 7.0321e-001	-1.2641e+000
 14	 3.4300e-002	 8.3000e-004	 2.5200e-003	 8.3000e-004	 1.2600e-003	 3.9928e-001	-2.6665e-001	-1.0021e-001	 2.0126e+000	-8.3582e-001	-1.1939e+000	 3.9882e+000	-6.6392e-001	 2.3990e+000	-2.8372e-010	-9.5896e-009	-7.4237e-001	 2.9353e+000	-9.5626e-009	 3.7232e-008	 7.0103e-001	-2.2485e+000	 1.0691e-008	-2.8130e-008	-3.4309e-002	 3.2502e-001	-4.2240e-010	 2.4339e-010	 2.3833e-009	-8.6118e-009	 1.5630e-001	-2.8070e+000	 5.3299e-009	-2.1074e-008	-1.2142e+000	 5.1181e+000	-7.5497e-009	 2.4215e-008	 1.0712e+000	-2.6572e+000
 16	 3.3906e-002	 5.0675e-003	 1.7325e-003	 5.0675e-003	 8.6625e-004	 4.8316e-001	-3.3339e-001	-1.3390e-001	 2.2249e+000	-1.7178e+000	-1.1939e+000	 3.9882e+000	-6.7465e-001	 2.6128e+000	-2.0259e-009	-1.4540e-008	-8.7767e-001	 3.5951e+000	-9.9874e-009	 4.4265e-008	 8.0096e-001	-2.7433e+000	 1.0851e-008	-2.3063e-008	-1.5692e-002	 2.3164e-001	 5.8130e-010	-3.3311e-009	 2.4219e-009	-9.3795e-009	-8.8822e-001	-2.1944e+000	 6.3013e-009	-2.5811e-008	-1.5530e+000	 7.0934e+000	-8.6258e-009	 2.9544e-008	 8.9960e-001	-1.5229e+000
 18	 3.2686e-002	 7.4625e-003	-7.0750e-004	 7.4625e-003	-3.5375e-004	 5.7061e-001	-3.8080e-001	-1.3815e-001	 2.2524e+000	-1.9084e+000	-1.1939e+000	 3.9882e+000	-5.8510e-001	 2.4582e+000	-5.9005e-009	-9.4862e-009	-8.5793e-001	 3.5929e+000	-3.5956e-009	 3.2140e-008	 7.2125e-001	-2.5859e+000	 5.7974e-009	-7.7927e-009	-1.3826e-002	 2.6359e-001	 1.8493e-009	-7.4308e-009	 2.1004e-009	-8.8243e-009	-2.6740e+000	 1.4974e+000	 6.1596e-009	-2.5796e-008	-1.0160e+000	 6.5466e+000	-7.7674e-009	 2.7849e-008	 1.9489e-001	 6.5639e-001
 20	 2.8395e-002	 4.8150e-003	-9.2900e-003	 4.8150e-003	-4.6450e-003	 6.6573e-001	-4.1022e-001	-1.2811e-001	 2.0667e+000	-1.4939e+000	-1.1939e+000	 3.9882e+000	-4.3832e-001	 2.1735e+000	-1.4687e-008	 9.8954e-009	-8.3179e-001	 3.5591e+000	 1.2883e-008	-8.1296e-009	 5.0969e-001	-2.1094e+000	-1.0904e-009	 1.1556e-008	 5.5770e-002	 6.3563e-002	 1.4471e-009	-6.6610e-009	 1.5735e-009	-7.8024e-009	-4.8974e+000	 6.4676e+000	 5.9719e-009	-2.5553e-008	 1.3913e+000	 7.2321e-001	-5.4891e-009	 2.2717e-008	-3.6999e-001	 2.3101e+000
 22	 1.7766e-002	-4.9125e-003	-3.0548e-002	-4.9125e-003	-1.5274e-002	 7.5057e-001	-4.3539e-001	-1.0537e-001	 1.5267e+000	-1.1531e-001	-1.1939e+000	 3.9882e+000	-8.4824e-002	 1.1386e+000	-3.4078e-008	 6.0110e-008	-5.8652e-001	 2.7936e+000	 4.3203e-008	-8.8562e-008	 3.4561e-002	-9.8848e-001	-8.6342e-009	 3.3730e-008	 1.8029e-001	-4.0465e-001	-2.4571e-010	-2.6395e-009	 3.0450e-010	-4.0873e-009	-9.3561e+000	 1.8215e+001	 4.2109e-009	-2.0057e-008	 6.0860e+000	-1.1600e+001	-3.7220e-010	 1.0645e-008	-7.5610e-001	 3.6222e+000
 24	 2.3538e-003	-2.3577e-002	-6.1373e-002	-2.3578e-002	-3.0686e-002	 8.1628e-001	-4.4415e-001	-7.7870e-002	 1.1423e+000	 8.1028e-001	-1.1939e+000	 3.9882e+000	 1.0102e-001	 5.4713e-001	-5.1791e-008	 1.0852e-007	-9.5240e-002	 1.2066e+000	 4.7119e-008	-9.6140e-008	-1.2792e-001	-6.6958e-001	 1.1117e-008	-2.3074e-008	-1.0958e-002	 7.0088e-002	-3.2221e-009	 5.3492e-009	-3.6265e-010	-1.9641e-009	-1.2632e+001	 2.7249e+001	 6.8378e-010	-8.6629e-009	 7.4604e+000	-1.4881e+001	 1.3777e-009	 7.2109e-009	 1.6306e+000	-3.1360e+000
cn	M=0.90 01         	 02         	 03         	 04         	 05         	 06         	 07         	 08         	 09         	 10         	 11         	 12         	 13         	 14         	 15         	 16         	 17         	 18         	 19         	 20         	 21         	 22         	 23         	 24         	 25         	 26         	 27         	 28         	 29         	 30         	 31         	 32         	 33         	 34         	 35         	 36         	 37         	 38         	 39         	 40         	
  0	 3.5570e-002	-3.4694e-018	-4.2974e-018	 0.0000e+000	 1.7347e-018	-2.6021e-018	 5.2042e-018	 0.0000e+000	 1.1402e+000	 2.0895e+000	-1.1223e+000	 3.9193e+000	 1.6653e-016	 1.8874e-015	-2.7756e-015	 7.5495e-015	-1.6765e-016	 1.3001e-016	-1.3632e-015	 9.0938e-016	-5.8287e-016	-1.3323e-015	 5.5511e-017	 4.4409e-016	-9.7145e-017	 1.6653e-015	-1.7764e-015	 3.9968e-015	 1.9429e-016	-4.4409e-016	-1.1102e-016	 2.6645e-015	 8.3267e-017	-6.6613e-016	 2.2204e-016	 1.7764e-015	-1.1102e-016	 1.1102e-015	 6.1062e-016	 4.4409e-016
  2	 3.5550e-002	-7.2500e-004	-4.0000e-005	-7.2500e-004	-2.0000e-005	 3.1088e-002	-4.9250e-003	-1.6516e-003	 1.1602e+000	 2.0193e+000	-1.1223e+000	 3.9193e+000	-6.9299e-002	-5.3718e-002	 2.7180e-009	-6.2035e-009	-5.8871e-003	 1.0086e-001	-2.4791e-009	 5.4346e-009	 7.3336e-003	 3.6812e-002	 9.8097e-010	-1.7488e-009	 2.2918e-004	-2.8725e-004	-6.0994e-010	 1.2588e-009	 2.4877e-010	 1.9284e-010	 1.0970e+000	-2.4294e+000	 4.2267e-011	-7.2416e-010	-1.7538e-001	 4.0628e-001	-7.8979e-011	-3.9644e-010	 2.0436e-001	-3.9617e-001
  4	 3.5417e-002	-1.2750e-003	-3.0500e-004	-1.2750e-003	-1.5250e-004	 7.8707e-002	-2.0595e-002	-5.4433e-003	 1.2296e+000	 1.7373e+000	-1.1223e+000	 3.9193e+000	-1.1737e-001	-6.0521e-003	 5.1482e-009	-1.3565e-008	-6.7086e-002	 4.7613e-001	-4.8989e-009	 1.1273e-008	 3.1931e-002	 2.8129e-002	 1.3562e-009	-5.4728e-010	 8.2506e-003	 3.6932e-004	-8.0277e-010	 1.4195e-009	 4.2135e-010	 2.1725e-011	 1.8814e+000	-4.5695e+000	 4.8165e-010	-3.4184e-009	-4.5871e-001	 1.1747e+000	-3.4388e-010	-3.0293e-010	 2.7502e-001	-3.1443e-001
  6	 3.6054e-002	-1.0225e-003	 9.6750e-004	-1.0225e-003	 4.8375e-004	 1.3666e-001	-4.9985e-002	-1.1903e-002	 1.3191e+000	 1.4933e+000	-1.1223e+000	 3.9193e+000	-1.5704e-001	 1.7508e-001	 5.9063e-009	-1.6236e-008	-1.3695e-001	 8.1085e-001	-6.8971e-009	 1.6863e-008	 8.3964e-002	-1.3487e-001	 2.8117e-009	-3.4122e-009	 2.0021e-002	-1.6394e-002	-9.1050e-010	 1.3929e-009	 5.6376e-010	-6.2851e-010	 2.1526e+000	-5.2989e+000	 9.8325e-010	-5.8216e-009	-7.0701e-001	 1.9607e+000	-9.0424e-010	 1.4524e-009	 4.3018e-001	-5.7551e-001
  8	 3.5828e-002	-1.7100e-003	 5.1500e-004	-1.7100e-003	 2.5750e-004	 2.1019e-001	-9.1755e-002	-3.0574e-002	 1.4798e+000	 1.0990e+000	-1.1223e+000	 3.9193e+000	-2.2661e-001	 5.5951e-001	 4.7157e-009	-1.3552e-008	-2.8620e-001	 1.2581e+000	-6.3676e-009	 1.7047e-008	 1.6885e-001	-4.5733e-001	 3.5282e-009	-6.3095e-009	 4.1744e-002	-1.5203e-002	-9.3812e-010	 1.4074e-009	 8.1350e-010	-2.0085e-009	 1.8363e+000	-4.5592e+000	 2.0548e-009	-9.0326e-009	-6.2558e-001	 1.9822e+000	-1.8184e-009	 4.9252e-009	 5.0183e-001	-8.4725e-001
 10	 3.5049e-002	-4.3525e-003	-1.0425e-003	-4.3525e-003	-5.2125e-004	 2.8621e-001	-1.4944e-001	-5.6657e-002	 1.6944e+000	 5.2431e-001	-1.1223e+000	 3.9193e+000	-3.6477e-001	 1.1407e+000	 1.7411e-009	-8.0683e-009	-5.0339e-001	 2.0462e+000	-5.5747e-009	 1.5836e-008	 2.9748e-001	-8.2919e-001	 5.8269e-009	-1.0510e-008	 5.3106e-002	-5.2771e-002	-9.9663e-010	 1.3714e-009	 1.3095e-009	-4.0950e-009	 1.0403e+000	-3.0116e+000	 3.6142e-009	-1.4691e-008	-4.9884e-001	 1.8237e+000	-3.2037e-009	 8.9298e-009	 7.2615e-001	-1.2306e+000
 12	 3.5815e-002	-1.1000e-003	 4.9000e-004	-1.1000e-003	 2.4500e-004	 3.5974e-001	-2.1647e-001	-7.8738e-002	 1.9742e+000	-5.3721e-001	-1.1223e+000	 3.9193e+000	-5.5730e-001	 1.9802e+000	-1.3041e-010	-8.8290e-009	-6.4338e-001	 2.6236e+000	-6.9861e-009	 2.9064e-008	 5.4430e-001	-1.8366e+000	 8.4121e-009	-2.1657e-008	 9.2998e-003	 1.9239e-001	-6.4779e-010	 7.1125e-010	 2.0006e-009	-7.1085e-009	 3.2458e-001	-2.8557e+000	 4.6192e-009	-1.8836e-008	-7.9259e-001	 3.8500e+000	-5.8618e-009	 1.9779e-008	 9.0141e-001	-2.1431e+000
 14	 3.8798e-002	 6.3250e-003	 6.4550e-003	 6.3250e-003	 3.2275e-003	 4.3902e-001	-2.8759e-001	-1.0225e-001	 2.2218e+000	-1.5623e+000	-1.1223e+000	 3.9193e+000	-5.6010e-001	 1.9717e+000	-2.2759e-009	-9.3645e-009	-7.2881e-001	 3.0178e+000	-4.9403e-009	 2.8736e-008	 7.4861e-001	-2.6294e+000	 8.0328e-009	-1.9686e-008	 2.6037e-002	 1.1919e-001	-4.0831e-010	 1.5744e-010	 2.0107e-009	-7.0781e-009	-4.0650e-001	-2.6964e+000	 5.2325e-009	-2.1666e-008	-5.7437e-001	 3.9586e+000	-8.0620e-009	 2.8317e-008	 8.2172e-001	-1.8572e+000
 16	 4.0485e-002	 1.5450e-002	 9.8300e-003	 1.5450e-002	 4.9150e-003	 5.1202e-001	-3.5727e-001	-1.1167e-001	 2.3263e+000	-2.1009e+000	-1.1223e+000	 3.9193e+000	-4.8308e-001	 1.7880e+000	-5.2580e-009	-6.3090e-009	-6.7743e-001	 2.8256e+000	-1.2148e-009	 2.6996e-008	 8.2578e-001	-3.0925e+000	 4.5295e-009	-1.3023e-008	-1.6437e-003	 2.7155e-001	 9.7161e-010	-3.8321e-009	 1.7341e-009	-6.4184e-009	-2.0060e+000	 3.7753e-001	 4.8637e-009	-2.0286e-008	-4.3986e-001	 4.8276e+000	-8.8931e-009	 3.3304e-008	 2.4016e-001	-4.9756e-001
 18	 3.6428e-002	 1.6985e-002	 1.7150e-003	 1.6985e-002	 8.5750e-004	 5.7932e-001	-4.0982e-001	-9.8108e-002	 2.2000e+000	-1.7777e+000	-1.1223e+000	 3.9193e+000	-3.6297e-001	 1.5163e+000	-8.9725e-009	 1.1932e-009	-6.5292e-001	 2.7603e+000	 1.2112e-008	-5.9707e-009	 6.2169e-001	-2.5750e+000	-8.6999e-009	 2.2796e-008	 5.3833e-002	 1.2698e-001	 2.7801e-009	-9.0091e-009	 1.3030e-009	-5.4432e-009	-4.0483e+000	 5.3517e+000	 4.6877e-009	-1.9818e-008	 9.1258e-001	 1.6780e+000	-6.6952e-009	 2.7731e-008	-1.3241e+000	 3.7898e+000
 20	 2.6825e-002	 7.6200e-003	-1.7490e-002	 7.6200e-003	-8.7450e-003	 6.5435e-001	-4.4689e-001	-7.3548e-002	 1.7594e+000	-5.3313e-001	-1.1223e+000	 3.9193e+000	-6.4545e-002	 8.0365e-001	-2.1170e-008	 3.2883e-008	-6.3197e-001	 2.7288e+000	 4.1637e-008	-8.5477e-008	 1.2776e-001	-1.2095e+000	-2.6364e-008	 7.1764e-008	 2.1516e-001	-3.5266e-001	 2.9484e-009	-9.5856e-009	 2.3170e-010	-2.8849e-009	-7.5400e+000	 1.4501e+001	 4.5373e-009	-1.9592e-008	 4.9780e+000	-9.2353e+000	-1.3759e-009	 1.3025e-008	-2.9956e+000	 8.4439e+000
 22	 1.3573e-002	-5.5950e-003	-4.3995e-002	-5.5950e-003	-2.1997e-002	 7.3430e-001	-4.7607e-001	-4.8640e-002	 1.3997e+000	 3.9502e-001	-1.1223e+000	 3.9193e+000	 5.2668e-002	 4.6652e-001	-3.4458e-008	 6.7263e-008	-3.8542e-001	 1.9269e+000	 4.9875e-008	-1.0481e-007	-7.6876e-002	-7.4868e-001	-1.6322e-008	 4.3123e-008	 1.5431e-001	-2.4947e-001	 4.5235e-010	-2.7863e-009	-1.8907e-010	-1.6747e-009	-9.8508e+000	 2.0290e+001	 2.7672e-009	-1.3834e-008	 6.8207e+000	-1.3823e+001	 8.2790e-010	 8.0628e-009	-1.5996e+000	 4.5217e+000
 24	-4.8213e-003	-3.1237e-002	-8.0783e-002	-3.1237e-002	-4.0391e-002	 8.0172e-001	-4.8320e-001	-3.4129e-002	 1.1797e+000	 9.0257e-001	-1.1223e+000	 3.9193e+000	 2.7857e-001	-2.4093e-001	-3.8749e-008	 7.7427e-008	-2.6958e-001	 1.5185e+000	 5.0970e-008	-1.0747e-007	-2.7279e-001	-3.0894e-001	-1.0486e-008	 2.9127e-008	 2.3428e-001	-4.8590e-001	-8.6760e-010	 4.5844e-010	-1.0000e-009	 8.6488e-010	-1.0311e+001	 2.1313e+001	 1.9355e-009	-1.0903e-008	 7.3409e+000	-1.5097e+001	 2.9377e-009	 3.3271e-009	-8.1254e-001	 2.6194e+000
cn	M=1.10 01         	 02         	 03         	 04         	 05         	 06         	 07         	 08         	 09         	 10         	 11         	 12         	 13         	 14         	 15         	 16         	 17         	 18         	 19         	 20         	 21         	 22         	 23         	 24         	 25         	 26         	 27         	 28         	 29         	 30         	 31         	 32         	 33         	 34         	 35         	 36         	 37         	 38         	 39         	 40         	
  0	 4.5220e-002	-6.9389e-018	-1.8924e-018	-1.7347e-018	 2.6021e-018	-1.7347e-018	 1.7347e-018	 1.7347e-018	 1.2253e+000	 1.9888e+000	-1.2401e+000	 4.3480e+000	-2.7756e-017	 1.7764e-015	-3.4417e-015	 7.5495e-015	-2.0146e-016	 2.7391e-017	-1.0861e-015	 1.4291e-015	-5.5511e-016	-1.1102e-015	-2.2204e-016	 2.2204e-015	-2.7756e-017	 1.9984e-015	-2.1094e-015	 3.1086e-015	 0.0000e+000	-1.3323e-015	 6.6613e-016	 3.1086e-015	 5.5511e-017	-6.6613e-016	 2.2204e-016	 2.6645e-015	-1.3878e-016	 1.3323e-015	 2.2204e-016	 0.0000e+000
  2	 4.5077e-002	-1.7600e-003	-2.8500e-004	-1.7600e-003	-1.4250e-004	 3.3164e-002	-1.2945e-002	-1.0260e-003	 1.2506e+000	 1.8406e+000	-1.2401e+000	 4.3480e+000	-6.5063e-002	-7.9162e-002	 3.4533e-009	-8.1139e-009	 6.0590e-003	 1.6644e-001	-1.2857e-009	 2.5506e-009	 2.5314e-002	 5.0192e-002	-8.2696e-010	 2.7721e-009	 1.0102e-002	-3.7650e-002	-6.7031e-010	 1.3956e-009	 2.3356e-010	 2.8418e-010	 1.3354e+000	-3.0378e+000	-4.3501e-011	-1.1950e-009	 7.6530e-003	-3.3504e-002	-2.7262e-010	-5.4053e-010	 4.7696e-002	-1.7673e-003
  4	 4.4901e-002	-2.1375e-003	-6.3750e-004	-2.1375e-003	-3.1875e-004	 8.5917e-002	-3.3990e-002	-3.7933e-003	 1.3162e+000	 1.6246e+000	-1.2401e+000	 4.3480e+000	-9.4835e-002	-3.5633e-002	 4.8239e-009	-1.2634e-008	-2.2532e-002	 4.0075e-001	-4.1287e-009	 9.7324e-009	 4.6965e-002	 3.0873e-002	 1.0756e-009	-1.5177e-010	-2.6499e-004	-5.9911e-003	-8.8543e-010	 1.5265e-009	 3.4044e-010	 1.2791e-010	 1.8371e+000	-4.3697e+000	 1.6177e-010	-2.8772e-009	-3.2840e-001	 9.3034e-001	-5.0578e-010	-3.3248e-010	 2.6431e-001	-2.9757e-001
  6	 4.5729e-002	-8.7250e-004	 1.0175e-003	-8.7250e-004	 5.0875e-004	 1.5305e-001	-6.8370e-002	-1.1845e-002	 1.4007e+000	 1.4125e+000	-1.2401e+000	 4.3480e+000	-1.2206e-001	 4.8321e-002	 4.7180e-009	-1.2301e-008	-1.0084e-001	 6.7298e-001	-4.7184e-009	 1.1286e-008	 8.1108e-002	-4.5285e-002	 2.2627e-009	-3.2986e-009	 1.7507e-002	 5.9501e-004	-1.1312e-009	 2.1568e-009	 4.3817e-010	-1.7346e-010	 1.9445e+000	-4.6283e+000	 7.2399e-010	-4.8317e-009	-3.4209e-001	 9.7114e-001	-8.7349e-010	 4.8769e-010	 4.2017e-001	-7.0684e-001
  8	 4.5493e-002	-7.4999e-005	 5.4500e-004	-7.5000e-005	 2.7250e-004	 2.3437e-001	-1.1644e-001	-4.0750e-002	 1.5608e+000	 1.0451e+000	-1.2401e+000	 4.3480e+000	-2.1927e-001	 4.0855e-001	 2.4214e-009	-5.9148e-009	-2.6542e-001	 1.0606e+000	-4.6906e-009	 1.1812e-008	 1.4856e-001	-3.3345e-001	 4.7443e-009	-1.0913e-008	 5.6526e-002	-5.3325e-002	-1.2376e-009	 2.5079e-009	 7.8714e-010	-1.4666e-009	 1.3640e+000	-3.0449e+000	 1.9056e-009	-7.6149e-009	-3.0858e-001	 9.4657e-001	-1.5999e-009	 3.5911e-009	 6.7036e-001	-1.4791e+000
 10	 4.4958e-002	-2.7000e-003	-5.2500e-004	-2.7000e-003	-2.6250e-004	 3.0627e-001	-1.7868e-001	-6.5284e-002	 1.7406e+000	 6.2609e-001	-1.2401e+000	 4.3480e+000	-3.4453e-001	 8.1525e-001	-8.6735e-010	 2.7819e-009	-4.6031e-001	 1.5938e+000	-3.0740e-009	 7.2931e-009	 2.4878e-001	-5.9900e-001	 6.6701e-009	-1.5815e-008	 5.6290e-002	-2.5708e-002	-1.3644e-009	 2.8701e-009	 1.2368e-009	-2.9266e-009	 5.1853e-001	-8.2407e-001	 3.3048e-009	-1.1443e-008	-4.8093e-002	 2.1630e-001	-2.6792e-009	 6.4508e-009	 8.7274e-001	-2.0015e+000
 12	 4.9480e-002	 1.2915e-002	 8.5200e-003	 1.2915e-002	 4.2600e-003	 3.7631e-001	-2.5481e-001	-9.6434e-002	 1.8891e+000	 2.4598e-001	-1.2401e+000	 4.3480e+000	-3.7883e-001	 8.9572e-001	-3.5456e-009	 9.2930e-009	-5.2238e-001	 1.7816e+000	-1.8632e-009	 3.6757e-009	 3.8973e-001	-9.7541e-001	 7.2375e-009	-1.7368e-008	 6.2313e-002	-4.8196e-002	-9.1432e-010	 2.1995e-009	 1.3599e-009	-3.2155e-009	-4.7830e-001	 1.3633e+000	 3.7505e-009	-1.2791e-008	-4.8216e-003	-1.0075e-001	-4.1972e-009	 1.0505e-008	 8.4184e-001	-2.0212e+000
 14	 5.2228e-002	 2.6235e-002	 1.4015e-002	 2.6235e-002	 7.0075e-003	 4.5467e-001	-3.1997e-001	-1.1112e-001	 2.0514e+000	-2.9767e-001	-1.2401e+000	 4.3480e+000	-4.2572e-001	 1.0852e+000	-6.0790e-009	 1.3985e-008	-5.2255e-001	 1.7923e+000	-1.0357e-009	 5.6531e-009	 5.6218e-001	-1.5825e+000	 8.4129e-009	-2.3632e-008	 4.3795e-002	 8.5353e-002	-6.4912e-010	 1.9969e-009	 1.5282e-009	-3.8958e-009	-1.3318e+000	 2.7834e+000	 3.7517e-009	-1.2868e-008	 3.6562e-002	 2.3112e-001	-6.0543e-009	 1.7043e-008	 9.0174e-001	-2.5652e+000
 16	 4.8333e-002	 2.9400e-002	 6.2250e-003	 2.9400e-002	 3.1125e-003	 5.2308e-001	-3.8191e-001	-1.1016e-001	 2.1482e+000	-6.5268e-001	-1.2401e+000	 4.3480e+000	-4.3089e-001	 1.1289e+000	-4.5206e-009	 6.2448e-009	-5.5060e-001	 1.8321e+000	-3.3283e-010	 9.0929e-009	 5.8372e-001	-1.7942e+000	 6.4076e-010	-5.0006e-009	-2.0623e-002	 2.8846e-001	 2.1063e-009	-5.1685e-009	 1.5468e-009	-4.0525e-009	-2.4328e+000	 4.6192e+000	 3.9531e-009	-1.3154e-008	-6.3311e-001	 2.7063e+000	-6.2862e-009	 1.9323e-008	-3.3167e-001	 4.9552e-001
 18	 2.8310e-002	-2.8000e-004	-3.3820e-002	-2.8000e-004	-1.6910e-002	 5.7593e-001	-4.2973e-001	-8.6011e-002	 2.1576e+000	-7.0101e-001	-1.2401e+000	 4.3480e+000	-4.8123e-001	 1.2841e+000	 7.2492e-006	-4.1557e-005	-6.8955e-001	 2.1300e+000	 1.3497e-009	 9.2579e-009	 4.7125e-001	-1.6208e+000	-7.2564e-006	 4.1562e-005	-9.7713e-002	 4.6978e-001	 5.1323e-006	-2.9396e-005	 2.5339e-006	-1.4513e-005	-2.9671e+000	 5.4666e+000	-3.5760e-006	 2.0502e-005	-6.2288e-001	 3.2787e+000	 2.5271e-006	-1.4491e-005	-7.5807e-001	 1.2967e+000
 20	 1.2844e-002	-2.1042e-002	-6.4753e-002	-2.1043e-002	-3.2376e-002	 6.3727e-001	-4.7058e-001	-7.3327e-002	 2.1066e+000	-6.3873e-001	-1.2401e+000	 4.3480e+000	-5.4810e-001	 1.5592e+000	 7.2473e-006	-4.1555e-005	-7.7721e-001	 2.3764e+000	 1.0262e-005	-5.8771e-005	 4.1052e-001	-1.5552e+000	-7.2539e-006	 4.1555e-005	-1.4233e-001	 6.1347e-001	 1.5595e-009	-3.6641e-009	 6.1151e-006	-3.5031e-005	-2.7612e+000	 4.1331e+000	-3.5754e-006	 2.0500e-005	 6.2117e-002	 2.0879e+000	-1.0533e-006	 6.0262e-006	-2.7948e-001	-4.7776e-002
 22	 1.0225e-003	-3.5825e-002	-8.8395e-002	-3.5825e-002	-4.4197e-002	 7.2835e-001	-5.0209e-001	-6.1544e-002	 2.0400e+000	-6.2049e-001	-1.2401e+000	 4.3480e+000	-4.6582e-001	 1.2926e+000	 7.2437e-006	-4.1550e-005	-8.0954e-001	 2.5399e+000	 1.0272e-005	-5.8794e-005	 3.5110e-001	-1.3912e+000	-7.2590e-006	 4.1572e-005	-3.4145e-002	 3.5703e-001	 1.1808e-009	-2.9836e-009	 6.1148e-006	-3.5030e-005	-3.5511e+000	 5.2687e+000	-3.5752e-006	 2.0499e-005	 1.4773e+000	-1.3932e+000	-1.0526e-006	 6.0244e-006	-6.7830e-001	 1.3889e+000
 24	-2.4878e-002	-8.1620e-002	-1.4020e-001	-8.1620e-002	-7.0097e-002	 8.3026e-001	-5.1039e-001	-4.2015e-002	 1.8826e+000	-3.3214e-001	-1.2401e+000	 4.3480e+000	-1.2632e-001	 3.6066e-001	 7.2392e-006	-4.1541e-005	-6.4923e-001	 2.0693e+000	 1.0283e-005	-5.8821e-005	 2.5482e-001	-1.2194e+000	-7.2635e-006	 4.1586e-005	 2.0922e-001	-2.8977e-001	 1.7130e-010	-9.3942e-010	 6.1136e-006	-3.5027e-005	-4.2190e+000	 6.4209e+000	-3.5763e-006	 2.0503e-005	 3.2850e+000	-5.6402e+000	-1.0516e-006	 6.0226e-006	-9.1090e-001	 2.3176e+000
cn	M=2.00 01         	 02         	 03         	 04         	 05         	 06         	 07         	 08         	 09         	 10         	 11         	 12         	 13         	 14         	 15         	 16         	 17         	 18         	 19         	 20         	 21         	 22         	 23         	 24         	 25         	 26         	 27         	 28         	 29         	 30         	 31         	 32         	 33         	 34         	 35         	 36         	 37         	 38         	 39         	 40         	
  0	 3.7260e-002	-2.6021e-018	-1.1779e-018	 2.6021e-018	 8.6736e-019	 0.0000e+000	 3.4694e-018	 0.0000e+000	 9.8895e-001	 6.7265e-001	-1.1583e+000	 3.6791e+000	 2.4980e-016	 1.1102e-015	-2.3315e-015	 6.4393e-015	-1.1016e-016	 1.9550e-016	-9.3169e-016	 9.4432e-016	-2.9143e-016	-9.9920e-016	-3.8858e-016	 2.6645e-015	 0.0000e+000	 1.1657e-015	-1.5543e-015	 2.6645e-015	 3.6082e-016	-7.7716e-016	 1.1102e-016	 1.9984e-015	 1.6653e-016	-7.7716e-016	-2.2204e-016	 4.4409e-016	-1.1102e-016	 9.9920e-016	 1.6653e-016	-2.2204e-016
  2	 3.7543e-002	-2.5000e-005	 5.6500e-004	-2.5000e-005	 2.8250e-004	 2.0080e-002	-5.9750e-003	-3.4700e-003	 9.8150e-001	 6.6192e-001	-1.1583e+000	 3.6791e+000	-8.2152e-002	 4.3052e-003	 1.4379e-009	-3.7704e-009	 4.4547e-002	 1.0177e-002	-8.4322e-010	 2.0048e-009	 9.1571e-003	-5.6183e-003	 1.2701e-010	 4.7380e-012	-1.0564e-003	 2.1954e-003	-3.6085e-010	 8.8044e-010	 2.9491e-010	-1.5455e-011	 6.0159e-001	-1.5408e+000	-3.1983e-010	-7.3065e-011	-1.6927e-002	 3.3974e-002	-9.8616e-011	 6.0506e-011	 7.8807e-002	-1.6307e-001
  4	 3.7229e-002	-6.1250e-004	-6.2500e-005	-6.1250e-004	-3.1250e-005	 5.8347e-002	-1.8110e-002	-5.6532e-003	 1.0147e+000	 5.8112e-001	-1.1583e+000	 3.6791e+000	-1.1121e-001	-4.6763e-003	 2.3855e-009	-6.5860e-009	 4.9074e-002	 8.8554e-002	-2.0269e-009	 4.9141e-009	-1.4300e-003	 2.6835e-002	 6.3764e-010	-5.4724e-010	 9.8226e-003	-2.2467e-002	-4.9812e-010	 1.1096e-009	 3.9923e-010	 1.6787e-011	 9.4205e-001	-2.4528e+000	-3.5233e-010	-6.3578e-010	-1.4356e-001	 3.7536e-001	 1.5400e-011	-2.8900e-010	 1.5171e-001	-2.5688e-001
  6	 3.6884e-002	-1.2925e-003	-7.5250e-004	-1.2925e-003	-3.7625e-004	 1.1225e-001	-3.5405e-002	-1.6869e-002	 1.0818e+000	 4.9905e-001	-1.1583e+000	 3.6791e+000	-1.2743e-001	 2.8374e-002	 2.1260e-009	-5.3917e-009	 1.7533e-002	 1.6004e-001	-3.8964e-009	 9.8971e-009	-3.9510e-003	 7.6019e-002	 3.1987e-009	-8.0126e-009	 1.4822e-002	 1.3398e-002	-7.1413e-010	 1.7536e-009	 4.5744e-010	-1.0186e-010	 9.9009e-001	-2.4789e+000	-1.2588e-010	-1.1490e-009	-3.4377e-001	 8.9002e-001	 4.2550e-011	-8.1868e-010	 4.2964e-001	-1.0697e+000
  8	 3.8236e-002	 1.2975e-003	 1.9525e-003	 1.2975e-003	 9.7625e-004	 1.7841e-001	-6.4835e-002	-3.1638e-002	 1.1701e+000	 3.8639e-001	-1.1583e+000	 3.6791e+000	-1.4678e-001	 1.0086e-001	-1.3088e-009	 4.0825e-009	-3.1835e-002	 2.4379e-001	-4.3902e-009	 1.2131e-008	 1.8727e-002	-1.8627e-002	 7.9528e-009	-2.1752e-008	 3.0868e-002	-4.0255e-002	-1.1269e-009	 2.7694e-009	 5.2692e-010	-3.6207e-010	 2.6324e-001	-4.0566e-001	 2.2856e-010	-1.7503e-009	-2.9757e-001	 9.1824e-001	-2.0168e-010	 2.0060e-010	 9.4775e-001	-2.5341e+000
 10	 4.0611e-002	 7.2975e-003	 6.7025e-003	 7.2975e-003	 3.3512e-003	 2.4135e-001	-9.9505e-002	-3.6604e-002	 1.2813e+000	 1.9069e-001	-1.1583e+000	 3.6791e+000	-1.7059e-001	 1.2746e-001	-2.9375e-009	 8.9393e-009	-5.9165e-002	 2.5676e-001	-2.3059e-009	 6.2686e-009	 7.1387e-002	-1.8934e-001	 7.1488e-009	-2.0005e-008	 1.8707e-002	-4.0707e-002	-9.5268e-010	 2.3987e-009	 6.1240e-010	-4.5755e-010	-2.8753e-001	 1.1538e+000	 4.2478e-010	-1.8434e-009	-5.5787e-002	 2.0490e-001	-7.6879e-010	 2.0391e-009	 8.4073e-001	-2.3031e+000
 12	 4.4466e-002	 1.7968e-002	 1.4412e-002	 1.7967e-002	 7.2062e-003	 2.8081e-001	-1.4847e-001	-4.3394e-002	 1.3456e+000	 3.9332e-002	-1.1583e+000	 3.6791e+000	-2.1184e-001	 1.3181e-001	-3.8191e-009	 1.1761e-008	-7.0818e-002	 1.8917e-001	-2.6286e-010	 9.0573e-010	 1.1761e-001	-3.2008e-001	 5.2479e-009	-1.6276e-008	 2.9185e-003	 2.4929e-002	-5.8300e-010	 1.8045e-009	 7.6045e-010	-4.7319e-010	-7.3905e-001	 2.2709e+000	 5.0844e-010	-1.3582e-009	 1.2579e-001	-3.7653e-001	-1.2666e-009	 3.4471e-009	 5.9557e-001	-1.8464e+000
 14	 3.9028e-002	 4.8850e-003	 3.5350e-003	 4.8850e-003	 1.7675e-003	 2.9327e-001	-2.3713e-001	-8.7335e-002	 1.2959e+000	 8.2316e-002	-1.1583e+000	 3.6791e+000	-3.5872e-001	 2.2127e-001	-5.0425e-009	 1.5504e-008	-8.9324e-002	 1.8827e-001	 1.8680e-009	-4.0631e-009	 2.0629e-001	-3.3863e-001	 4.8310e-009	-1.7024e-008	 6.8311e-002	 4.9488e-002	-8.2825e-010	 2.7919e-009	 1.2877e-009	-7.9431e-010	-9.4323e-001	 2.7633e+000	 6.4131e-010	-1.3517e-009	 4.9090e-001	-1.3437e+000	-2.2216e-009	 3.6468e-009	 6.0240e-001	-2.0993e+000
 16	 2.5090e-002	-2.3315e-002	-2.4340e-002	-2.3315e-002	-1.2170e-002	 3.4828e-001	-2.6713e-001	-9.1285e-002	 1.3164e+000	 5.4905e-002	-1.1583e+000	 3.6791e+000	-4.0943e-001	 1.9638e-001	-5.8216e-009	 1.6726e-008	-6.4544e-002	 4.8175e-002	 2.3544e-009	-4.6119e-009	 2.0246e-001	-4.1214e-001	 4.4771e-009	-1.5235e-008	 6.9156e-002	 2.9956e-002	-5.0493e-010	 1.5605e-009	 1.4698e-009	-7.0497e-010	-1.3404e+000	 3.7899e+000	 4.6340e-010	-3.4588e-010	 4.6858e-001	-1.0771e+000	-2.1804e-009	 4.4385e-009	 5.0950e-001	-1.7045e+000
 18	 1.0020e-002	-5.3640e-002	-5.4480e-002	-5.3640e-002	-2.7240e-002	 4.1444e-001	-2.7967e-001	-8.3665e-002	 1.3060e+000	 1.0097e-001	-1.1583e+000	 3.6791e+000	-4.8643e-001	 2.3795e-001	-6.0621e-009	 1.6198e-008	-8.8235e-002	 5.9337e-002	 4.1066e-009	-8.6627e-009	 1.3855e-001	-3.2502e-001	 3.7917e-009	-1.2673e-008	 4.8870e-002	 7.2530e-002	-9.1809e-010	 2.5688e-009	 1.7462e-009	-8.5418e-010	-1.1772e+000	 3.0811e+000	 6.3349e-010	-4.2601e-010	 8.2774e-001	-1.9222e+000	-1.4921e-009	 3.5003e-009	 5.2258e-001	-1.6538e+000
 20	 6.6275e-003	-6.2325e-002	-6.1265e-002	-6.2325e-002	-3.0632e-002	 4.8112e-001	-2.9873e-001	-8.0075e-002	 1.2788e+000	 1.1443e-001	-1.1583e+000	 3.6791e+000	-5.8205e-001	 2.7151e-001	-5.5205e-009	 1.3101e-008	-1.0604e-001	 1.0792e-001	 5.1356e-009	-1.1244e-008	 8.5839e-002	-2.5362e-001	 2.8564e-009	-8.1894e-009	 5.1455e-002	 2.3369e-002	-1.2358e-009	 3.1664e-009	 2.0894e-009	-9.7468e-010	-8.4933e-001	 1.8853e+000	 7.6132e-010	-7.7484e-010	 1.0595e+000	-2.4481e+000	-9.2443e-010	 2.7313e-009	 4.9473e-001	-1.3485e+000
 22	 7.6438e-003	-6.3247e-002	-5.9233e-002	-6.3248e-002	-2.9616e-002	 5.3044e-001	-3.2554e-001	-8.1719e-002	 1.3315e+000	-1.1350e-001	-1.1583e+000	 3.6791e+000	-5.9023e-001	 1.0278e-001	-4.5360e-009	 7.0390e-009	-1.0459e-001	 4.0600e-001	 5.8558e-009	-1.4409e-008	 1.2788e-001	-2.5493e-001	 3.4733e-010	 4.1302e-009	 8.4289e-002	-1.5249e-001	-8.3357e-010	 1.6197e-009	 2.1188e-009	-3.6895e-010	-7.9918e-001	 1.0584e+000	 7.5094e-010	-2.9149e-009	 1.0478e+000	-2.4581e+000	-1.3772e-009	 2.7455e-009	 1.8706e-001	 8.2711e-002
 24	 1.6955e-002	-4.7055e-002	-4.0610e-002	-4.7055e-002	-2.0305e-002	 5.7839e-001	-3.7151e-001	-9.6054e-002	 1.3005e+000	-1.8363e-002	-1.1583e+000	 3.6791e+000	-6.7398e-001	 3.6773e-002	-5.4235e-009	 9.4932e-009	-6.2567e-002	 2.3874e-001	 7.2217e-009	-1.7138e-008	 1.6771e-001	-4.2743e-001	 1.2073e-009	 1.3742e-009	 9.4556e-002	-2.2612e-001	-1.5027e-009	 3.1353e-009	 2.4194e-009	-1.3201e-010	-6.7360e-001	 8.9772e-001	 4.4921e-010	-1.7141e-009	 1.4245e+000	-3.2604e+000	-1.8062e-009	 4.6031e-009	 3.9118e-001	-4.5466e-001
cn	M=2.50 01         	 02         	 03         	 04         	 05         	 06         	 07         	 08         	 09         	 10         	 11         	 12         	 13         	 14         	 15         	 16         	 17         	 18         	 19         	 20         	 21         	 22         	 23         	 24         	 25         	 26         	 27         	 28         	 29         	 30         	 31         	 32         	 33         	 34         	 35         	 36         	 37         	 38         	 39         	 40         	
  0	 2.4635e-002	-3.0358e-018	-1.1005e-018	 1.3010e-018	 3.5350e-003	-1.7347e-018	 1.7347e-018	-8.6736e-019	 7.6967e-001	 4.6567e-001	-7.9050e-001	 2.5378e+000	 1.2490e-016	 8.3267e-016	-1.7764e-015	 3.1086e-015	-1.5861e-016	 3.8674e-017	-9.7632e-016	-1.8040e-016	-3.0531e-016	-8.8818e-016	 0.0000e+000	 1.7764e-015	-2.2030e-002	 4.2923e-002	-8.5312e-002	 2.4381e-001	 2.7756e-017	-1.6653e-016	 3.8858e-016	 2.4425e-015	 1.9429e-016	-5.5511e-016	 1.1102e-016	 4.4409e-016	 4.1633e-017	 4.9960e-016	-1.3878e-016	 0.0000e+000
  2	 2.4846e-002	-2.0000e-005	 4.2750e-004	-2.0000e-005	 3.7462e-003	 1.4729e-002	-7.2000e-004	-3.0759e-003	 7.6291e-001	 4.7339e-001	-7.9035e-001	 2.5374e+000	-7.0048e-002	-3.4781e-002	 1.5388e-004	-4.1145e-004	 3.3679e-002	 7.6941e-003	 1.0259e-005	-5.8778e-005	 1.4880e-002	 3.3755e-002	 1.5388e-004	-4.1145e-004	-2.1724e-002	 2.8776e-002	-8.5163e-002	 2.4343e-001	 2.5146e-010	 1.2486e-010	 3.5020e-001	-8.3762e-001	-2.4180e-010	-5.5241e-011	 8.3506e-003	-4.1145e-003	-1.6024e-010	-3.6352e-010	-4.4924e-002	 2.0370e-001
  4	 2.4609e-002	-4.6500e-004	-4.7500e-005	-4.6500e-004	 3.5087e-003	 4.7078e-002	-8.6550e-003	-1.3070e-003	 7.9453e-001	 4.1061e-001	-7.9039e-001	 2.5376e+000	-8.6212e-002	-6.1732e-002	 6.1554e-005	-1.1756e-004	 3.7095e-002	 6.6949e-002	-9.2329e-005	 2.9389e-004	 1.0559e-003	 7.8474e-002	 6.1552e-005	-1.1755e-004	-2.0030e-002	 1.1828e-002	-8.5204e-002	 2.4355e-001	-3.5807e-006	 2.0518e-005	 5.4215e-001	-1.3322e+000	-2.6631e-010	-4.8077e-010	-3.1351e-002	 7.4296e-002	 3.5810e-006	-2.0518e-005	-5.5378e-002	 3.2805e-001
  6	 2.4347e-002	-9.7750e-004	-5.7000e-004	-9.7750e-004	 3.2475e-003	 9.3518e-002	-2.1990e-002	-4.0971e-003	 8.4605e-001	 3.6302e-001	-7.9036e-001	 2.5375e+000	-9.7303e-002	-1.7280e-002	 8.2071e-005	-2.3512e-004	 1.3271e-002	 1.2093e-001	 1.6414e-004	-4.7023e-004	-2.0337e-003	 9.6231e-002	 8.2070e-005	-2.3511e-004	-1.7035e-002	 2.4395e-002	-8.5168e-002	 2.4346e-001	 1.4324e-005	-4.1035e-005	 4.9466e-001	-1.0661e+000	-9.5354e-011	-8.6802e-010	-7.0129e-002	 2.0855e-001	-1.4324e-005	 4.1034e-005	 7.0928e-002	-5.6393e-004
  8	 2.5371e-002	 9.8000e-004	 1.4775e-003	 9.8000e-004	 4.2712e-003	 1.4750e-001	-4.4465e-002	-1.1300e-002	 9.1771e-001	 2.8489e-001	-7.9039e-001	 2.5375e+000	-1.2044e-001	 4.3387e-002	 7.1810e-005	-1.7633e-004	-2.4071e-002	 1.8433e-001	-8.2072e-005	 2.3512e-004	 2.3630e-002	 1.8781e-002	 7.1816e-005	-1.7635e-004	-9.7904e-003	-2.3205e-002	-8.5199e-002	 2.4352e-001	-3.5806e-006	 2.0517e-005	 7.0383e-003	 3.7467e-001	 1.7284e-010	-1.3235e-009	-5.0514e-002	 2.7908e-001	 3.5807e-006	-2.0518e-005	 5.2431e-001	-1.2339e+000
 10	 2.7168e-002	 5.5150e-003	 5.0650e-003	 5.5150e-003	 6.0675e-003	 1.9128e-001	-7.9100e-002	-1.8847e-002	 9.7614e-001	 1.8745e-001	-7.9046e-001	 2.5377e+000	-1.8173e-001	 5.5746e-002	 1.5388e-004	-4.1144e-004	-4.4734e-002	 1.9414e-001	 2.2569e-004	-5.8778e-004	 1.0673e-001	-1.0257e-001	 1.5389e-004	-4.1146e-004	 6.6571e-003	-7.3945e-002	-8.5271e-002	 2.4370e-001	-1.7904e-005	 6.1552e-005	-4.2729e-001	 1.6193e+000	 3.2126e-010	-1.3941e-009	 7.2591e-002	-1.4883e-001	 1.7904e-005	-6.1552e-005	 4.2561e-001	-9.9387e-001
 12	 3.0080e-002	 1.3583e-002	 1.0895e-002	 1.3582e-002	 8.9800e-003	 2.2251e-001	-1.1848e-001	-2.2580e-002	 1.0063e+000	 1.1936e-001	-7.9035e-001	 2.5374e+000	-2.6238e-001	 1.2622e-001	 1.2984e-004	-3.4258e-004	-5.3525e-002	 1.4299e-001	 5.1294e-005	-5.8781e-005	 1.9116e-001	-2.6857e-001	 1.3782e-005	-1.0094e-005	 1.3194e-002	-7.0673e-002	-8.5081e-002	 2.4320e-001	 1.0130e-005	-2.9017e-005	-6.5695e-001	 2.0997e+000	-1.4324e-005	 4.1034e-005	 1.7875e-001	-6.5855e-001	 1.0126e-005	-2.9013e-005	 3.5194e-001	-1.0127e+000
 14	 2.5969e-002	 3.6950e-003	 2.6725e-003	 3.6950e-003	 4.8688e-003	 2.5216e-001	-1.6004e-001	-3.5571e-002	 1.0379e+000	 6.8631e-002	-7.9039e-001	 2.5375e+000	-3.2737e-001	 1.0697e-001	-9.5853e-005	 2.4521e-004	-6.7523e-002	 1.4231e-001	 2.5616e-009	-7.8641e-009	 2.1214e-001	-1.9573e-001	-2.1191e-004	 5.7769e-004	-6.6177e-003	 3.1043e-002	-8.5117e-002	 2.4328e-001	 6.5487e-006	-8.4990e-006	-9.5361e-001	 2.8499e+000	-1.4323e-005	 4.1034e-005	 4.2432e-001	-1.3988e+000	 1.3707e-005	-4.9532e-005	 2.1489e-001	-8.2618e-001
 16	 1.5433e-002	-1.7627e-002	-1.8400e-002	-1.7628e-002	-5.6675e-003	 2.9102e-001	-1.8470e-001	-4.1285e-002	 1.0541e+000	 5.7264e-002	-7.9043e-001	 2.5376e+000	-3.7322e-001	 3.5262e-002	 1.2984e-004	-3.4257e-004	-4.8823e-002	 3.6521e-002	-8.2067e-005	 2.3510e-004	 2.1676e-001	-1.9838e-001	 1.3781e-005	-1.0092e-005	-6.6069e-003	 6.9554e-003	-8.5158e-002	 2.4340e-001	 1.3711e-005	-4.9534e-005	-1.1085e+000	 3.2997e+000	-1.4324e-005	 4.1035e-005	 5.5030e-001	-1.6579e+000	 6.5452e-006	-8.4965e-006	 2.8984e-001	-8.5368e-001
 18	 4.0400e-003	-4.0552e-002	-4.1185e-002	-4.0553e-002	-1.7060e-002	 3.4245e-001	-1.9518e-001	-3.4116e-002	 1.0559e+000	 9.2893e-002	-7.9056e-001	 2.5380e+000	-4.5439e-001	 8.1584e-002	 4.7769e-005	-1.0746e-004	-6.6703e-002	 4.4872e-002	 1.0263e-005	-5.8791e-005	 1.9142e-001	-1.4753e-001	-6.8290e-005	 2.2503e-004	-3.1672e-002	 3.8317e-002	-8.5286e-002	 2.4378e-001	 1.0130e-005	-2.9016e-005	-1.0913e+000	 3.1558e+000	-1.4323e-005	 4.1035e-005	 7.2281e-001	-1.9932e+000	 1.0126e-005	-2.9015e-005	 1.9385e-001	-4.2409e-001
 20	 1.4750e-003	-4.7117e-002	-4.6315e-002	-4.7118e-002	-1.9625e-002	 3.9413e-001	-2.0521e-001	-3.0137e-002	 1.0705e+000	 6.0691e-002	-7.9047e-001	 2.5378e+000	-5.3408e-001	 6.5488e-002	 5.8028e-005	-1.6624e-004	-8.0178e-002	 8.1619e-002	-1.4362e-004	 3.5266e-004	 1.5896e-001	-5.2028e-002	-5.8033e-005	 1.6625e-004	-6.4862e-002	 4.3579e-002	-8.5199e-002	 2.4352e-001	 1.0130e-005	-2.9016e-005	-1.0192e+000	 2.7993e+000	-1.4323e-005	 4.1034e-005	 8.4315e-001	-2.2242e+000	 1.0127e-005	-2.9016e-005	-3.4610e-003	 3.5550e-001
 22	 2.2437e-003	-4.7815e-002	-4.4778e-002	-4.7815e-002	-1.8856e-002	 4.3473e-001	-2.2744e-001	-2.8062e-002	 1.1136e+000	-1.2446e-001	-7.9051e-001	 2.5379e+000	-5.6636e-001	-5.9678e-002	-2.4042e-005	 6.8870e-005	-7.9075e-002	 3.0694e-001	-2.2569e-004	 5.8776e-004	 2.1685e-001	-5.5384e-002	-1.4011e-004	 4.0138e-004	-4.3244e-002	-7.6530e-002	-8.5240e-002	 2.4364e-001	 1.0131e-005	-2.9016e-005	-1.0176e+000	 2.2019e+000	-1.4323e-005	 4.1033e-005	 1.0131e+000	-2.8083e+000	 1.0126e-005	-2.9016e-005	-2.7206e-001	 1.4644e+000
 24	 9.2825e-003	-3.5572e-002	-3.0700e-002	-3.5573e-002	-1.1817e-002	 4.7611e-001	-2.5674e-001	-3.3765e-002	 1.0950e+000	-8.8800e-002	-7.9047e-001	 2.5378e+000	-6.6192e-001	-1.0218e-001	-2.4042e-005	 6.8871e-005	-4.7305e-002	 1.8051e-001	 2.0525e-005	-1.1758e-004	 2.7917e-001	-1.9311e-001	-1.4011e-004	 4.0138e-004	-4.0354e-002	-9.5899e-002	-8.5199e-002	 2.4352e-001	-4.1930e-006	 1.2019e-005	-1.2447e+000	 2.8116e+000	-1.4324e-005	 4.1034e-005	 1.0396e+000	-2.9500e+000	 2.4449e-005	-7.0049e-005	-4.3990e-001	 1.7896e+000
msh	M=0.60 01         	 02         	 03         	 04         	 05         	 06         	 07         	 08         	 09         	 10         	 11         	 12         	 13         	 14         	 15         	 16         	 17         	 18         	 19         	 20         	 21         	 22         	 23         	 24         	 25         	 26         	 27         	 28         	 29         	 30         	 31         	 32         	 33         	 34         	 35         	 36         	 37         	 38         	 39         	 40         	
  0	 6.0000e-003	-4.3368e-019	-4.7531e-019	 2.1684e-019	 3.2526e-019	-4.3368e-019	 4.3368e-019	 0.0000e+000	 1.5679e-001	 1.0965e-001	-1.7415e-001	 4.6270e-001	 2.7756e-017	 1.8041e-016	-2.7756e-016	 7.7716e-016	-4.4353e-017	 1.6376e-018	-9.5330e-017	 1.7111e-016	-4.8572e-017	-1.5266e-016	 2.0817e-017	 2.2204e-016	-2.7756e-017	 2.2204e-016	-2.6368e-016	 4.4409e-016	 2.0817e-017	-9.7145e-017	 2.7756e-017	 2.7756e-016	 1.3878e-017	-1.6653e-016	-2.7756e-017	 0.0000e+000	-2.4286e-017	 8.3267e-017	 8.3267e-017	 1.1102e-016
  2	 5.9850e-003	 9.6522e-012	-3.0000e-005	-6.5586e-012	-1.5000e-005	 3.4359e-003	 2.9500e-004	-3.7411e-004	 1.5189e-001	 1.1478e-001	-1.7415e-001	 4.6270e-001	-1.0842e-002	-7.3749e-003	-5.1226e-011	 2.8506e-010	 8.8164e-003	-5.3346e-004	 1.3771e-010	-4.2712e-010	-2.9519e-003	 1.5664e-002	-2.1551e-010	 5.5314e-010	 4.0322e-003	-3.0366e-003	 6.4511e-011	-2.0554e-010	 3.8921e-011	 2.6474e-011	-5.0211e-002	 1.9392e-001	-6.3298e-011	 3.8299e-012	 1.2105e-003	-2.2336e-003	 3.1790e-011	-1.6869e-010	-3.1992e-002	 8.9533e-002
  4	 6.0125e-003	-1.1500e-004	 2.5000e-005	-1.1500e-004	 1.2500e-005	 8.3649e-003	-2.0150e-003	-1.3151e-003	 1.5470e-001	 9.2390e-002	-1.7415e-001	 4.6270e-001	-1.5931e-002	-1.7669e-002	 4.5333e-011	-1.3230e-010	 1.2505e-002	 2.0764e-002	 7.1933e-011	-8.2625e-011	 1.0342e-003	 1.5699e-002	-1.3720e-010	 5.4316e-010	 8.4977e-003	-1.1387e-002	 9.9666e-012	-1.6412e-010	 5.7189e-011	 6.3428e-011	 7.0757e-003	 5.4581e-002	-8.9779e-011	-1.4908e-010	 7.2427e-003	 3.4209e-002	-1.1138e-011	-1.6907e-010	-1.4591e-002	 8.0913e-002
  6	 6.0588e-003	-1.7750e-004	 1.1750e-004	-1.7750e-004	 5.8750e-005	 1.6024e-002	-7.1450e-003	-3.9961e-003	 1.6727e-001	 4.8134e-002	-1.7415e-001	 4.6270e-001	-2.5188e-002	-9.8112e-003	-2.7801e-010	 2.9055e-010	 5.5290e-003	 6.6559e-002	 6.5767e-010	-1.5796e-009	 1.6522e-002	-2.2114e-002	-3.4204e-010	 1.7242e-009	 1.8757e-002	-4.4523e-002	-1.8810e-011	-2.1757e-010	 9.0419e-011	 3.5220e-011	-6.6964e-002	 2.0215e-001	-3.9696e-011	-4.7787e-010	 9.6843e-002	-1.5941e-001	-1.7793e-010	 2.3816e-010	-2.8268e-002	 2.0051e-001
  8	 6.0663e-003	-2.9750e-004	 1.3250e-004	-2.9750e-004	 6.6250e-005	 2.6130e-002	-1.3965e-002	-7.4697e-003	 1.9812e-001	-2.2056e-002	-1.7415e-001	 4.6270e-001	-4.0692e-002	 5.0412e-002	-3.0489e-010	-7.6171e-011	-1.2834e-002	 1.4444e-001	 5.9246e-010	-1.1649e-009	 4.1380e-002	-6.8960e-002	-1.5630e-010	 1.5510e-009	 3.1896e-002	-7.1996e-002	-6.5632e-011	-1.5495e-010	 1.4608e-010	-1.8097e-010	-4.8366e-002	 6.5111e-002	 9.2145e-011	-1.0370e-009	 1.0080e-001	-1.1909e-001	-4.4563e-010	 7.4266e-010	-2.3250e-003	 1.7279e-001
 10	 5.9413e-003	-1.0475e-003	-1.1750e-004	-1.0475e-003	-5.8750e-005	 3.6004e-002	-2.0865e-002	-1.0456e-002	 2.2103e-001	-6.0445e-002	-1.7415e-001	 4.6270e-001	-5.8128e-002	 1.2848e-001	 8.0319e-011	-1.4502e-009	-2.7674e-002	 2.1166e-001	 4.4191e-010	-5.7903e-010	 5.8715e-002	-9.9012e-002	-5.8497e-010	 2.8058e-009	 3.4578e-002	-7.8254e-002	 3.1370e-011	-3.8826e-010	 2.0867e-010	-4.6120e-010	 4.8969e-003	-1.8767e-001	 1.9869e-010	-1.5196e-009	 5.2812e-002	 2.7508e-002	-6.3233e-010	 1.0663e-009	-6.0144e-002	 3.3264e-001
 12	 5.6488e-003	-1.6625e-003	-7.0250e-004	-1.6625e-003	-3.5125e-004	 4.4776e-002	-2.6015e-002	-1.1294e-002	 2.4670e-001	-1.3379e-001	-1.7415e-001	 4.6270e-001	-7.8284e-002	 2.5543e-001	 5.0825e-010	-3.2834e-009	-3.1054e-002	 2.5745e-001	 2.6801e-010	 9.4914e-010	 6.8429e-002	-1.6663e-001	-1.3529e-009	 4.3957e-009	 1.9785e-002	-3.4695e-002	 2.8831e-010	-1.0307e-009	 2.8102e-010	-9.1696e-010	-1.9045e-002	-3.4040e-001	 2.2296e-010	-1.8484e-009	-4.2984e-002	 4.1933e-001	-7.3693e-010	 1.7946e-009	-1.7916e-001	 5.9958e-001
 14	 6.2825e-003	 2.1000e-004	 5.6500e-004	 2.1000e-004	 2.8250e-004	 5.4052e-002	-3.1290e-002	-1.4058e-002	 3.0840e-001	-4.0682e-001	-1.7415e-001	 4.6270e-001	-9.5457e-002	 4.1013e-001	 1.4245e-009	-8.5863e-009	-5.4402e-002	 4.3456e-001	-5.0213e-010	 5.6559e-009	 9.2205e-002	-3.5473e-001	-2.0362e-009	 6.8236e-009	 6.4243e-003	 1.2311e-003	 5.5692e-010	-1.9466e-009	 3.4267e-010	-1.4723e-009	 8.6542e-002	-1.3073e+000	 3.9059e-010	-3.1200e-009	-2.2508e-001	 1.3300e+000	-9.9299e-010	 3.8203e-009	-2.9250e-001	 9.9512e-001
 16	 6.9813e-003	 2.3175e-003	 1.9625e-003	 2.3175e-003	 9.8125e-004	 6.1686e-002	-3.9720e-002	-1.9344e-002	 3.3610e-001	-5.1552e-001	-1.7415e-001	 4.6270e-001	-6.1894e-002	 3.4356e-001	 1.2264e-009	-9.5749e-009	-3.9276e-002	 4.7125e-001	-7.0045e-011	 4.7775e-009	 9.6071e-002	-3.7047e-001	-2.1410e-009	 8.7098e-009	 1.7497e-002	-3.2869e-002	 4.9234e-010	-1.9562e-009	 2.2219e-010	-1.2333e-009	 6.7339e-002	-1.5774e+000	 2.8199e-010	-3.3834e-009	-1.4691e-001	 1.2104e+000	-1.0346e-009	 3.9898e-009	-2.9024e-001	 1.1721e+000
 18	 6.8888e-003	 3.1275e-003	 1.7775e-003	 3.1275e-003	 8.8875e-004	 6.8029e-002	-4.6755e-002	-2.3461e-002	 3.1322e-001	-4.6041e-001	-1.7415e-001	 4.6270e-001	-3.7547e-002	 2.8828e-001	-8.9195e-011	-6.3862e-009	-1.3414e-002	 4.3395e-001	 1.1481e-009	 1.6700e-009	 6.9117e-002	-2.9813e-001	-1.6289e-009	 7.5219e-009	 2.2453e-002	-3.8860e-002	 2.8498e-010	-1.4029e-009	 1.3479e-010	-1.0349e-009	-1.8362e-001	-9.9739e-001	 9.6310e-011	-3.1156e-009	 8.0531e-002	 6.2340e-001	-7.4435e-010	 3.2107e-009	-2.0418e-001	 9.5899e-001
 20	 6.2763e-003	 2.8525e-003	 5.5250e-004	 2.8525e-003	 2.7625e-004	 7.6592e-002	-4.9450e-002	-2.5058e-002	 2.2872e-001	-2.4736e-001	-1.7415e-001	 4.6270e-001	 2.9895e-002	 8.3635e-002	-3.3852e-009	 2.4514e-009	 4.3917e-002	 2.9151e-001	 4.8955e-009	-8.5778e-009	-2.5365e-003	-8.3963e-002	-1.6981e-009	 8.0989e-009	 4.5242e-002	-9.3068e-002	 9.3919e-011	-9.8628e-010	-1.0732e-010	-3.0023e-010	-9.9533e-001	 1.2324e+000	-3.1531e-010	-2.0929e-009	 6.5570e-001	-9.2000e-001	 2.7316e-011	 9.0423e-010	-1.7512e-001	 9.3520e-001
 22	 5.2500e-003	 2.3200e-003	-1.5000e-003	 2.3200e-003	-7.5000e-004	 8.4007e-002	-5.0015e-002	-2.3443e-002	 9.5032e-002	 7.9608e-002	-1.7415e-001	 4.6270e-001	 7.2824e-002	-9.5680e-002	-8.9821e-009	 1.8145e-008	 1.7001e-001	-8.7733e-002	 7.4861e-009	-1.5488e-008	-6.7538e-002	 8.6078e-002	 2.8073e-009	-4.7899e-009	 2.0820e-002	-2.1995e-002	-6.5568e-010	 1.0666e-009	-2.6142e-010	 3.4347e-010	-2.1368e+000	 4.4603e+000	-1.2206e-009	 6.2989e-010	 1.2253e+000	-2.4544e+000	 7.2734e-010	-9.2700e-010	 3.8245e-001	-6.4285e-001
 24	 3.5225e-003	 6.9500e-004	-4.9550e-003	 6.9500e-004	-2.4775e-003	 8.9460e-002	-4.6690e-002	-1.9570e-002	 1.3260e-002	 2.5374e-001	-1.7415e-001	 4.6270e-001	 7.2681e-002	-1.5623e-001	-1.1192e-008	 2.4530e-008	 2.1772e-001	-2.5347e-001	 7.6179e-009	-1.5717e-008	-1.1395e-001	 1.9324e-001	 5.5105e-009	-1.2803e-008	 7.4126e-004	 2.7555e-002	-9.6836e-010	 1.9952e-009	-2.6091e-010	 5.6083e-010	-2.5782e+000	 5.7216e+000	-1.5631e-009	 1.8198e-009	 1.3308e+000	-2.7450e+000	 1.2271e-009	-2.0811e-009	 6.9152e-001	-1.5594e+000
msh	M=0.90 01         	 02         	 03         	 04         	 05         	 06         	 07         	 08         	 09         	 10         	 11         	 12         	 13         	 14         	 15         	 16         	 17         	 18         	 19         	 20         	 21         	 22         	 23         	 24         	 25         	 26         	 27         	 28         	 29         	 30         	 31         	 32         	 33         	 34         	 35         	 36         	 37         	 38         	 39         	 40         	
  0	 6.0100e-003	-4.3368e-019	-7.4427e-019	 2.1684e-019	 3.2526e-019	 0.0000e+000	 6.5052e-019	 0.0000e+000	 1.7325e-001	-1.4034e-002	-8.1373e-002	 2.2171e-001	 3.4694e-017	 1.5266e-016	-2.2898e-016	 7.2164e-016	-4.0242e-017	 3.4427e-017	-8.9631e-017	 8.3755e-017	-6.5919e-017	-8.3267e-017	 3.4694e-017	 3.0531e-016	-1.0408e-017	 1.6653e-016	-2.0470e-016	 2.7756e-016	-6.9389e-018	-8.3267e-017	-2.7756e-017	 3.3307e-016	-3.4694e-018	-6.9389e-017	-5.5511e-017	-1.6653e-016	 1.3878e-017	 1.1102e-016	 1.0408e-016	-2.4980e-016
  2	 6.0075e-003	-7.5000e-005	-5.0000e-006	-7.5000e-005	-2.5000e-006	 4.1122e-003	 1.6500e-004	-5.9784e-004	 1.6803e-001	-2.1359e-002	-8.1373e-002	 2.2171e-001	-1.7394e-002	 6.5118e-003	-3.4286e-010	 7.9970e-010	 1.0643e-002	 4.6780e-003	 8.2852e-011	-3.3426e-010	-4.9660e-003	 2.1310e-002	 1.6404e-010	-2.0798e-010	 3.4413e-003	-7.6120e-003	 4.7981e-011	-1.2873e-010	 6.2440e-011	-2.3376e-011	-1.2224e-001	 2.9449e-001	-7.6410e-011	-3.3586e-011	-1.8261e-003	-1.0698e-002	 5.3480e-011	-2.2950e-010	 6.3216e-003	 4.5947e-003
  4	 6.0538e-003	-1.7750e-004	 8.7500e-005	-1.7750e-004	 4.3750e-005	 9.0908e-003	-1.8950e-003	-2.0692e-003	 1.6876e-001	-3.6213e-002	-8.1373e-002	 2.2171e-001	-2.4750e-002	 1.3536e-003	-3.4956e-010	 5.4354e-010	 1.6279e-002	 1.1613e-002	 1.2068e-010	-2.3761e-010	-4.0269e-003	 2.4334e-002	 1.4885e-010	 4.6465e-011	 1.0969e-002	-2.4313e-002	 4.0014e-011	-1.7620e-010	 8.8847e-011	-4.8592e-012	-1.1967e-001	 2.4958e-001	-1.1688e-010	-8.3376e-011	 5.6628e-003	 1.5988e-002	 4.3367e-011	-2.6207e-010	 6.3903e-003	 3.7037e-002
  6	 6.2163e-003	 9.2500e-005	 4.1250e-004	 9.2500e-005	 2.0625e-004	 1.5723e-002	-7.1250e-003	-4.3172e-003	 1.7719e-001	-7.5874e-002	-8.1373e-002	 2.2171e-001	-3.6458e-002	 1.9070e-002	-6.1195e-010	 6.3744e-010	 2.0784e-002	 2.8807e-002	 4.0158e-010	-6.0991e-010	 1.0174e-002	-6.3487e-003	 2.0298e-010	 2.9879e-010	 2.0498e-002	-4.9776e-002	 3.6939e-012	-1.6316e-010	 1.3088e-010	-6.8456e-011	-1.7253e-001	 2.6847e-001	-1.4922e-010	-2.0682e-010	 5.4905e-002	-3.9499e-002	-1.0956e-010	 6.8371e-011	 1.8162e-002	 5.8045e-002
  8	 6.0738e-003	-4.1750e-004	 1.2750e-004	-4.1750e-004	 6.3750e-005	 2.6280e-002	-1.4425e-002	-8.1001e-003	 2.0863e-001	-1.6590e-001	-8.1373e-002	 2.2171e-001	-4.4751e-002	 5.9095e-002	-1.0435e-009	 1.0322e-009	 1.2383e-002	 8.2193e-002	 7.2911e-010	-9.2655e-010	 3.5498e-002	-6.3527e-002	 4.3748e-010	-1.3846e-011	 3.2881e-002	-7.6900e-002	-6.1532e-011	-4.5913e-011	 1.6065e-010	-2.1214e-010	-2.5641e-001	 3.1312e-001	-8.8905e-011	-5.9011e-010	 1.1869e-001	-1.1626e-001	-3.8229e-010	 6.8415e-010	 5.2050e-002	 7.2409e-003
 10	 5.9075e-003	-1.0200e-003	-2.0500e-004	-1.0200e-003	-1.0250e-004	 3.6185e-002	-2.1300e-002	-1.0645e-002	 2.4009e-001	-2.6176e-001	-8.1373e-002	 2.2171e-001	-5.4025e-002	 1.3610e-001	-7.6548e-010	-6.7479e-010	 4.8558e-003	 1.5454e-001	 9.2225e-010	-5.2044e-010	 5.3338e-002	-1.2691e-001	-2.7885e-010	 1.9182e-009	 3.4929e-002	-7.9813e-002	 6.1040e-011	-3.6150e-010	 1.9394e-010	-4.8856e-010	-2.4725e-001	 1.3432e-002	-3.4863e-011	-1.1095e-009	 1.1145e-001	 2.8214e-002	-5.7441e-010	 1.3667e-009	-3.7229e-002	 2.4525e-001
 12	 6.1350e-003	-4.2000e-004	 2.5000e-004	-4.2000e-004	 1.2500e-004	 4.5245e-002	-2.5730e-002	-1.0725e-002	 2.7581e-001	-3.9617e-001	-8.1373e-002	 2.2171e-001	-5.7803e-002	 2.2852e-001	-3.6724e-010	-3.1431e-009	 1.2755e-002	 1.8864e-001	 1.1083e-009	 7.2533e-010	 5.6184e-002	-2.1810e-001	-1.4172e-009	 4.6279e-009	 1.2437e-002	-1.6024e-002	 3.3807e-010	-1.1051e-009	 2.0750e-010	-8.2034e-010	-2.9065e-001	-2.5989e-001	-9.1579e-011	-1.3543e-009	 6.0198e-002	 4.0886e-001	-6.0507e-010	 2.3488e-009	-1.9438e-001	 6.3495e-001
 14	 7.6075e-003	 2.9800e-003	 3.1950e-003	 2.9800e-003	 1.5975e-003	 5.4428e-002	-2.6510e-002	-8.9615e-003	 3.0489e-001	-4.7498e-001	-8.1373e-002	 2.2171e-001	 6.4996e-004	 1.0148e-001	-2.2140e-010	-4.4505e-009	 5.8520e-002	 9.7540e-002	 1.7014e-009	-7.8976e-010	 4.5043e-002	-2.4248e-001	-2.6268e-009	 8.8144e-009	 2.4351e-003	-1.7563e-002	 5.7339e-010	-1.7871e-009	-2.3332e-012	-3.6429e-010	-3.8113e-001	-2.4411e-001	-4.2015e-010	-7.0030e-010	 7.7249e-002	 3.8782e-001	-4.8509e-010	 2.6113e-009	-3.5040e-001	 1.1503e+000
 16	 8.2013e-003	 5.5275e-003	 4.3825e-003	 5.5275e-003	 2.1912e-003	 5.8704e-002	-3.1435e-002	-1.0486e-002	 2.7310e-001	-3.9078e-001	-8.1373e-002	 2.2171e-001	 3.2224e-002	 9.5366e-003	-1.5828e-009	-8.2650e-010	 1.1643e-001	-4.9283e-002	 2.8062e-009	-3.6758e-009	 7.0951e-003	-1.6276e-001	-1.8871e-009	 6.7694e-009	-9.0026e-003	 1.7563e-002	 3.3181e-010	-1.1336e-009	-1.1568e-010	-3.4234e-011	-6.2578e-001	 4.0131e-001	-8.3593e-010	 3.5383e-010	 2.9843e-001	-1.9620e-001	-7.6410e-011	 1.7528e-009	-2.3685e-001	 8.3909e-001
 18	 7.6150e-003	 5.8500e-003	 3.2100e-003	 5.8500e-003	 1.6050e-003	 5.7419e-002	-3.8805e-002	-1.4321e-002	 2.0846e-001	-2.1999e-001	-8.1373e-002	 2.2171e-001	 5.4566e-002	-6.0615e-002	-3.0041e-009	 3.1739e-009	 1.4456e-001	-9.7869e-002	 4.6902e-009	-8.8773e-009	-4.3164e-002	-1.1114e-002	-1.8960e-009	 6.8505e-009	 1.8191e-003	 5.7449e-003	 1.0494e-010	-5.7353e-010	-1.9588e-010	 2.1760e-010	-8.9532e-001	 1.2037e+000	-1.0379e-009	 7.0266e-010	 6.2404e-001	-1.0767e+000	 4.6485e-010	 1.1969e-010	-1.9555e-001	 7.4262e-001
 20	 6.1050e-003	 4.6250e-003	 1.9000e-004	 4.6250e-003	 9.5000e-005	 5.7885e-002	-4.0190e-002	-1.5345e-002	 1.1984e-001	 3.7342e-003	-8.1373e-002	 2.2171e-001	 7.6915e-002	-1.5214e-001	-4.8413e-009	 8.5053e-009	 1.8138e-001	-1.7969e-001	 6.3961e-009	-1.3766e-008	-9.2485e-002	 1.3959e-001	-1.3687e-009	 5.3279e-009	 1.4367e-002	-1.3460e-002	-9.3027e-011	-3.3528e-011	-2.7611e-010	 5.4616e-010	-1.2968e+000	 2.3880e+000	-1.3022e-009	 1.2901e-009	 9.1679e-001	-1.9081e+000	 9.9601e-010	-1.5033e-009	-1.0982e-001	 5.0096e-001
 22	 4.5138e-003	 3.6125e-003	-2.9925e-003	 3.6125e-003	-1.4962e-003	 6.0815e-002	-3.8105e-002	-1.4195e-002	 4.3337e-002	 1.7817e-001	-8.1373e-002	 2.2171e-001	 7.7354e-002	-1.9576e-001	-6.5965e-009	 1.3589e-008	 2.2221e-001	-2.9779e-001	 5.6943e-009	-1.1836e-008	-1.3177e-001	 2.3130e-001	 1.7031e-009	-3.4736e-009	-5.1996e-003	 4.0337e-002	-4.0046e-010	 8.6002e-010	-2.7768e-010	 7.0274e-010	-1.6145e+000	 3.3064e+000	-1.5954e-009	 2.1380e-009	 9.0468e-001	-1.8881e+000	 1.4191e-009	-2.4909e-009	 2.3252e-001	-4.8226e-001
 24	 1.5613e-003	-4.7250e-004	-8.8975e-003	-4.7250e-004	-4.4487e-003	 6.1959e-002	-3.2220e-002	-1.4371e-002	 5.5684e-003	 2.4295e-001	-8.1373e-002	 2.2171e-001	 8.1965e-002	-2.4438e-001	-6.3857e-009	 1.3230e-008	 2.2310e-001	-2.9779e-001	 4.3263e-009	-8.4537e-009	-1.5168e-001	 2.7385e-001	 3.1402e-009	-7.2325e-009	 1.2401e-002	-1.0649e-002	-5.4038e-010	 1.2280e-009	-2.9424e-010	 8.7728e-010	-1.4778e+000	 3.0014e+000	-1.6018e-009	 2.1380e-009	 7.5312e-001	-1.5195e+000	 1.6335e-009	-2.9492e-009	 3.9194e-001	-8.9963e-001
msh	M=1.10 01         	 02         	 03         	 04         	 05         	 06         	 07         	 08         	 09         	 10         	 11         	 12         	 13         	 14         	 15         	 16         	 17         	 18         	 19         	 20         	 21         	 22         	 23         	 24         	 25         	 26         	 27         	 28         	 29         	 30         	 31         	 32         	 33         	 34         	 35         	 36         	 37         	 38         	 39         	 40         	
  0	 5.0500e-003	-8.6736e-019	-2.9525e-019	 0.0000e+000	 3.2526e-019	 1.0842e-019	 6.5052e-019	-2.1684e-019	 1.6127e-001	-2.4088e-001	-8.7364e-002	 1.2249e-001	 1.5613e-017	 5.2042e-017	-1.9255e-016	 4.4409e-016	-3.3892e-017	 2.5047e-017	-8.4773e-017	-6.8274e-017	-5.1174e-017	-1.1102e-016	-2.9490e-017	 1.5266e-016	-1.4745e-017	 1.1102e-016	-1.5439e-016	 1.9429e-016	 3.9031e-017	 1.3878e-017	 6.5919e-017	 1.5266e-016	 3.1225e-017	-4.1633e-017	-6.9389e-018	-8.3267e-017	-1.2143e-017	 7.9797e-017	 6.9389e-017	-2.9143e-016
  2	 4.8888e-003	-6.7500e-005	-3.2250e-004	-6.7500e-005	-1.6125e-004	-2.7904e-005	 3.0000e-005	-9.4790e-004	 1.4691e-001	-2.3181e-001	-8.7364e-002	 1.2249e-001	-2.3863e-002	 3.3343e-002	-1.0256e-010	 7.1952e-011	 3.3289e-002	-3.9886e-002	 4.5980e-010	-8.9684e-010	 3.9096e-003	-7.1631e-003	-2.3488e-010	 5.4011e-010	 5.2354e-003	-4.3908e-003	-6.1180e-011	 1.4239e-010	 8.5663e-011	-1.1970e-010	 5.5149e-003	-5.9286e-002	-2.3900e-010	 2.8637e-010	 8.1085e-002	-1.6458e-001	-4.2104e-011	 7.7142e-011	-1.0448e-002	 2.3709e-002
  4	 4.7113e-003	-5.0250e-004	-6.7750e-004	-5.0250e-004	-3.3875e-004	 4.2425e-003	-9.9500e-004	-4.0375e-003	 1.4004e-001	-2.2976e-001	-8.7364e-002	 1.2249e-001	-2.7391e-002	 3.1825e-002	-3.8090e-010	 1.9391e-010	 5.4990e-002	-6.5246e-002	 6.5603e-010	-7.6826e-010	 1.8803e-003	-5.5666e-004	-2.1318e-010	 5.6442e-010	 1.2698e-002	-1.6373e-002	-3.0975e-011	 4.9603e-012	 9.8329e-011	-1.1425e-010	-8.8849e-002	 5.1254e-002	-3.9480e-010	 4.6844e-010	 1.0000e-001	-1.0839e-001	-2.0250e-011	 5.9950e-012	-1.4042e-002	 5.1489e-002
  6	 4.8075e-003	-6.2000e-004	-4.8500e-004	-6.2000e-004	-2.4250e-004	 9.1838e-003	-5.8450e-003	-6.5462e-003	 1.2973e-001	-2.1141e-001	-8.7364e-002	 1.2249e-001	-3.9316e-002	 2.9991e-002	-1.1134e-009	 1.7745e-009	 6.6105e-002	-8.0429e-002	 1.1284e-009	-1.3942e-009	 7.6602e-003	 4.6489e-005	 2.3007e-010	-8.8339e-010	 1.8865e-002	-2.9299e-002	-1.2254e-010	 2.5155e-010	 1.4114e-010	-1.0766e-010	-2.4189e-001	 3.5418e-001	-4.7461e-010	 5.7745e-010	 1.9131e-001	-2.6427e-001	-8.2495e-011	-5.0065e-013	 4.4120e-002	-1.2874e-001
  8	 4.6513e-003	-1.4575e-003	-7.9750e-004	-1.4575e-003	-3.9875e-004	 1.9786e-002	-1.2980e-002	-1.0904e-002	 1.3775e-001	-2.3542e-001	-8.7364e-002	 1.2249e-001	-5.1003e-002	 3.9422e-002	-2.4083e-009	 4.5667e-009	 7.2844e-002	-8.3178e-002	 1.6488e-009	-2.1930e-009	 1.2858e-002	 1.4990e-002	 1.2197e-009	-3.4935e-009	 3.2544e-002	-6.1717e-002	-2.3009e-010	 5.5989e-010	 1.8309e-010	-1.4152e-010	-5.4268e-001	 9.6021e-001	-5.2299e-010	 5.9718e-010	 2.9375e-001	-4.6141e-001	-1.3847e-010	-1.6144e-010	 1.5598e-001	-4.2837e-001
 10	 3.7938e-003	-3.4525e-003	-2.5125e-003	-3.4525e-003	-1.2562e-003	 2.7581e-002	-1.9370e-002	-1.0399e-002	 1.3878e-001	-2.1121e-001	-8.7364e-002	 1.2249e-001	-6.1248e-002	 8.4173e-002	-1.9664e-009	 3.0840e-009	 9.4481e-002	-9.7171e-002	 2.2170e-009	-3.5307e-009	 1.1515e-002	 4.7960e-002	-1.7369e-010	 3.0098e-010	 3.1835e-002	-5.5767e-002	-3.8443e-011	 7.2879e-011	 2.1987e-010	-3.0216e-010	-5.2636e-001	 8.1850e-001	-6.7833e-010	 6.9765e-010	 3.1950e-001	-5.1208e-001	-1.2401e-010	-5.1650e-010	-8.9891e-003	 1.4413e-002
 12	 5.0338e-003	 6.3750e-004	-3.2500e-005	 6.3750e-004	-1.6250e-005	 3.1908e-002	-2.1550e-002	-5.6320e-003	 1.5442e-001	-2.2584e-001	-8.7364e-002	 1.2249e-001	-4.5665e-002	 4.7885e-002	-1.4907e-009	 1.8017e-009	 1.3078e-001	-1.9968e-001	 3.0458e-009	-5.6709e-009	-4.8980e-003	 3.1230e-002	-2.0974e-009	 5.2804e-009	 2.1604e-002	-3.7116e-002	 2.7115e-010	-7.0560e-010	 1.6393e-010	-1.7190e-010	-5.6633e-001	 8.9502e-001	-9.3893e-010	 1.4336e-009	 3.4870e-001	-5.9331e-001	 5.2749e-011	-3.3633e-010	-2.4511e-001	 6.2135e-001
 14	 6.6963e-003	 5.1425e-003	 3.2925e-003	 5.1425e-003	 1.6462e-003	 3.4685e-002	-1.9155e-002	-2.8463e-004	 1.7129e-001	-2.4785e-001	-8.7364e-002	 1.2249e-001	 1.3711e-002	-7.7466e-002	-6.3552e-010	-7.0116e-010	 1.7707e-001	-3.0657e-001	 2.7242e-009	-4.7955e-009	-3.0885e-002	 4.4228e-002	-3.1140e-009	 8.2252e-009	 1.9251e-002	-5.2566e-002	 5.1265e-010	-1.3643e-009	-4.9219e-011	 2.7809e-010	-4.6265e-001	 5.6476e-001	-1.2713e-009	 2.2011e-009	 2.3663e-001	-2.8790e-001	 3.3261e-010	-4.7630e-010	-3.8436e-001	 1.0171e+000
 16	 4.7688e-003	 3.9575e-003	-5.6250e-004	 3.9575e-003	-2.8125e-004	 3.0080e-002	-2.1675e-002	-1.6898e-003	 1.5939e-001	-2.2143e-001	-8.7364e-002	 1.2249e-001	 1.9758e-002	-9.3885e-002	-2.6401e-010	-1.5536e-009	 1.8635e-001	-2.9426e-001	 2.5522e-009	-4.3671e-009	-6.5838e-002	 1.1695e-001	-2.9084e-009	 7.5540e-009	 1.9094e-002	-3.4018e-002	 3.1011e-010	-8.1667e-010	-7.0928e-011	 3.3703e-010	-2.4632e-001	 2.2209e-002	-1.3379e-009	 2.1127e-009	 2.6909e-001	-3.8077e-001	 7.0904e-010	-1.2594e-009	-3.2765e-001	 8.5310e-001
 18	 3.3713e-003	 3.2325e-003	-3.3575e-003	 3.2325e-003	-1.6787e-003	 2.6349e-002	-2.5725e-002	-9.0606e-003	 1.0469e-001	-1.1118e-001	-8.7364e-002	 1.2249e-001	-1.6575e-002	-4.6062e-002	-4.2362e-010	-1.2342e-009	 1.9188e-001	-2.8991e-001	 2.3314e-009	-3.8121e-009	-7.1918e-002	 1.2304e-001	-1.9185e-009	 5.2545e-009	 2.4791e-002	-2.5257e-002	 5.3699e-012	-1.0410e-010	 5.9502e-011	 1.6535e-010	-1.2100e-001	-2.8580e-001	-1.3776e-009	 2.0815e-009	 3.2323e-001	-5.0197e-001	 7.7451e-010	-1.3251e-009	-1.7915e-001	 5.0724e-001
 20	 2.3750e-004	-9.9500e-004	-9.6250e-003	-9.9500e-004	-4.8125e-003	 2.2326e-002	-2.5840e-002	-1.1054e-002	 6.9926e-002	-2.3903e-002	-8.7364e-002	 1.2249e-001	-3.5066e-002	-1.3662e-002	-2.1275e-010	-1.5173e-009	 2.0892e-001	-2.4592e-001	 2.4496e-009	-4.3207e-009	-3.5208e-002	 1.1970e-001	-2.2432e-009	 6.1530e-009	 5.0646e-002	-2.9320e-002	 3.1674e-012	-1.5750e-010	 1.2588e-010	 4.9043e-011	-6.1030e-002	-3.3492e-001	-1.5000e-009	 1.7656e-009	 3.4030e-001	-5.5792e-001	 3.7916e-010	-1.2891e-009	-2.0888e-001	 6.0059e-001
 22	-3.0087e-003	-6.3425e-003	-1.6118e-002	-6.3425e-003	-8.0587e-003	 2.1134e-002	-2.3455e-002	-1.3576e-002	 5.4005e-002	-9.2124e-003	-8.7364e-002	 1.2249e-001	-4.4594e-002	-8.5634e-005	 3.4024e-010	-2.9369e-009	 2.4884e-001	-3.1605e-001	 1.5575e-009	-1.5460e-009	 1.6977e-002	 9.6058e-003	-2.0215e-009	 5.3596e-009	 7.3378e-002	-4.7744e-002	 6.1885e-011	-4.3834e-010	 1.6008e-010	 3.0735e-013	 6.0303e-002	-5.7392e-001	-1.7865e-009	 2.2691e-009	 1.9970e-001	-9.3223e-002	-1.8284e-010	-1.0345e-010	-1.9920e-001	 5.7908e-001
 24	-6.9000e-003	-1.3295e-002	-2.3900e-002	-1.3295e-002	-1.1950e-002	 2.1369e-002	-1.9515e-002	-1.2961e-002	 5.6196e-002	-2.0497e-002	-8.7364e-002	 1.2249e-001	-2.6742e-002	-2.3323e-002	 5.5078e-010	-3.0654e-009	 2.6528e-001	-2.9693e-001	 1.3754e-009	-1.0314e-009	 1.3377e-002	 6.3784e-002	-2.2508e-009	 5.3098e-009	 8.2545e-002	-3.8265e-002	 1.6233e-010	-6.0645e-010	 9.5997e-011	 8.3725e-011	 6.2992e-002	-5.1606e-001	-1.9046e-009	 2.1318e-009	 1.4635e-001	 2.5275e-002	-1.4407e-010	-6.8691e-010	-2.3915e-001	 6.0567e-001
msh	M=2.00 01         	 02         	 03         	 04         	 05         	 06         	 07         	 08         	 09         	 10         	 11         	 12         	 13         	 14         	 15         	 16         	 17         	 18         	 19         	 20         	 21         	 22         	 23         	 24         	 25         	 26         	 27         	 28         	 29         	 30         	 31         	 32         	 33         	 34         	 35         	 36         	 37         	 38         	 39         	 40         	
  0	 1.0000e-004	-1.0164e-020	-6.1149e-021	 3.3881e-021	 5.0822e-021	 0.0000e+000	 1.0164e-020	 0.0000e+000	 5.5047e-002	-1.4436e-001	-2.3074e-001	 4.6059e-001	-3.0358e-018	 3.2960e-017	-1.0495e-016	 2.8796e-016	 4.8560e-018	 1.3071e-017	-1.5064e-017	 1.6604e-017	-8.8905e-018	-2.9490e-017	-4.9440e-017	 2.6715e-016	-2.4937e-017	 6.1583e-017	-1.1276e-016	 1.2143e-016	 3.2526e-017	-2.6021e-017	 2.6888e-017	 6.9389e-018	 3.1659e-017	-6.0715e-017	 6.5919e-017	-9.7145e-017	-2.3636e-017	 8.3267e-017	-9.8012e-017	 3.0184e-016
  2	 1.6375e-004	-2.5000e-006	 1.2750e-004	-2.5000e-006	 6.3750e-005	-3.1831e-003	-1.2800e-003	-1.3061e-005	 4.2317e-002	-1.1295e-001	-2.3074e-001	 4.6059e-001	-2.2597e-003	-1.9247e-003	-2.1875e-010	 8.1194e-010	 1.8664e-002	-1.5675e-002	 8.3660e-010	-1.8818e-009	 3.9486e-005	 4.6330e-003	-4.6234e-010	 8.6610e-010	 4.1181e-004	 1.5799e-003	-7.7757e-011	 1.0188e-010	 8.1119e-012	 6.9091e-012	-1.7616e-002	 1.6942e-001	-1.3400e-010	 1.1254e-010	 1.3819e-001	-2.9048e-001	-4.2526e-013	-4.9894e-011	-2.8491e-002	 6.1502e-002
  4	 6.0000e-005	-3.9000e-004	-8.0000e-005	-3.9000e-004	-4.0000e-005	-2.4768e-003	-3.5900e-003	-6.7685e-004	 3.6014e-002	-1.0995e-001	-2.3074e-001	 4.6059e-001	-5.2292e-003	-8.6955e-003	-7.3694e-010	 1.5047e-009	 2.8906e-002	-2.5442e-003	 1.6163e-009	-3.6568e-009	 5.6590e-003	-2.1378e-003	-5.7049e-010	 1.6994e-009	 6.7143e-003	-7.5710e-003	-1.5443e-010	 2.2635e-010	 1.8772e-011	 3.1215e-011	-1.1925e-001	 2.9304e-001	-2.0753e-010	 1.8266e-011	 2.6814e-001	-5.7238e-001	-6.0944e-011	 2.3023e-011	-2.4294e-002	 1.1577e-001
  6	-4.1250e-005	-7.1750e-004	-2.8250e-004	-7.1750e-004	-1.4125e-004	-2.1703e-003	-5.4650e-003	-5.8032e-004	 3.4367e-002	-9.9736e-002	-2.3074e-001	 4.6059e-001	-1.8781e-003	-4.1764e-002	-8.2168e-010	 1.6534e-009	 5.1566e-002	-5.6464e-002	 2.1711e-009	-4.7768e-009	 5.4448e-003	 1.0988e-002	-8.6708e-010	 2.0284e-009	-6.1951e-004	 2.8335e-002	-2.4117e-010	 5.4750e-010	 6.7422e-012	 1.4992e-010	-9.4528e-002	 1.5556e-001	-3.7022e-010	 4.0539e-010	 3.6958e-001	-8.1784e-001	-5.8637e-011	-1.1833e-010	-3.5725e-002	 8.6669e-002
  8	 3.0625e-004	-1.4750e-004	 4.1250e-004	-1.4750e-004	 2.0625e-004	 6.6287e-004	-6.7800e-003	-1.0871e-003	 2.8501e-002	-8.6728e-002	-2.3074e-001	 4.6059e-001	-1.4635e-002	-6.9899e-003	-1.0087e-009	 1.4747e-009	 7.3997e-002	-9.2575e-002	 2.1871e-009	-4.1886e-009	 4.9233e-003	-1.3199e-002	-5.1890e-010	 1.3683e-009	-2.3989e-002	 7.6469e-002	-3.2979e-010	 6.7280e-010	 5.2536e-011	 2.5092e-011	-9.7239e-002	 3.5964e-002	-5.3127e-010	 6.6465e-010	 3.9650e-001	-7.7082e-001	-5.3021e-011	 1.4215e-010	 1.3063e-002	 2.1075e-003
 10	 1.0163e-003	 1.3025e-003	 1.8325e-003	 1.3025e-003	 9.1625e-004	 1.4364e-003	-4.7450e-003	 1.9364e-003	 2.7624e-002	-5.0678e-002	-2.3074e-001	 4.6059e-001	-1.2166e-002	-1.4586e-002	-1.8933e-010	-1.0320e-009	 6.8246e-002	-7.4479e-002	 1.9014e-009	-3.3960e-009	-1.7098e-002	 1.2863e-002	-1.4005e-009	 4.4320e-009	-2.6456e-002	 3.7014e-002	-1.5579e-010	-1.9760e-012	 4.3672e-011	 5.2362e-011	 3.4057e-002	-2.8638e-001	-4.8998e-010	 5.3473e-010	 3.0823e-001	-4.7246e-001	 1.8414e-010	-1.3853e-010	-1.0111e-001	 4.1190e-001
 12	 8.1000e-004	 5.2500e-004	 1.4200e-003	 5.2500e-004	 7.1000e-004	 1.4234e-003	-7.2500e-004	 5.9234e-003	 3.5269e-002	-2.7514e-002	-2.3074e-001	 4.6059e-001	 2.4316e-003	-2.2864e-002	 2.9134e-010	-2.2077e-009	 8.3229e-002	-1.0903e-001	 1.3341e-009	-1.8525e-009	-1.8818e-002	-1.1606e-002	-1.6488e-009	 5.1751e-009	-2.4949e-002	 1.7030e-003	 1.1668e-011	-5.5744e-010	-8.7288e-012	 8.2077e-011	 7.4656e-002	-3.0443e-001	-5.9755e-010	 7.8279e-010	 1.8257e-001	-1.0274e-001	 2.0266e-010	 1.2499e-010	-1.5526e-001	 5.8406e-001
 14	 1.5625e-004	-9.8750e-004	 1.1250e-004	-9.8750e-004	 5.6250e-005	-4.9504e-003	-1.1240e-002	-3.1044e-004	 1.9430e-002	 1.3829e-002	-2.3074e-001	 4.6059e-001	-1.3016e-002	 2.5733e-002	 1.7736e-010	-1.8779e-009	 9.2175e-002	-8.8636e-002	 1.6098e-009	-2.1413e-009	-2.7520e-002	 5.7651e-002	-1.0598e-009	 3.4276e-009	-2.3470e-002	 3.4511e-002	-3.6369e-010	 2.9582e-010	 4.6726e-011	-9.2375e-011	 2.5203e-001	-6.8794e-001	-6.6178e-010	 6.3637e-010	 3.2553e-001	-3.8065e-001	 2.9638e-010	-6.2086e-010	-3.0867e-002	 2.6333e-001
 16	-1.1575e-003	-3.8250e-003	-2.5150e-003	-3.8250e-003	-1.2575e-003	-6.4779e-003	-9.8100e-003	-2.6579e-003	 2.3806e-002	 8.6584e-003	-2.3074e-001	 4.6059e-001	-1.5655e-002	 4.6777e-002	 1.5534e-010	-1.6682e-009	 1.0611e-001	-5.0801e-002	 1.7131e-009	-2.4757e-009	-1.8198e-003	 7.8462e-002	-9.3973e-010	 2.7591e-009	-1.4424e-002	 5.5520e-002	-4.6435e-010	 6.9240e-010	 5.6200e-011	-1.6792e-010	 3.0198e-001	-8.5047e-001	-7.6184e-010	 3.6473e-010	 3.6796e-001	-5.3771e-001	 1.9598e-011	-8.4499e-010	-1.0236e-003	 1.2761e-001
 18	-1.3287e-003	-4.0725e-003	-2.8575e-003	-4.0725e-003	-1.4287e-003	-6.4647e-003	-7.2250e-003	 6.5342e-005	 2.9822e-002	-3.3854e-002	-2.3074e-001	 4.6059e-001	-1.1962e-002	-1.2253e-003	 4.4708e-010	-1.9125e-009	 1.0419e-001	-4.8873e-002	 1.4182e-009	-1.8252e-009	-9.5815e-003	 9.8068e-002	-1.2866e-009	 2.7279e-009	-7.2264e-003	 4.6698e-002	-2.8930e-010	 5.0490e-010	 4.2940e-011	 4.3985e-012	 2.8572e-001	-8.1407e-001	-7.4801e-010	 3.5089e-010	 2.7812e-001	-3.9487e-001	 1.0319e-010	-1.0561e-009	-6.5747e-002	 1.5954e-001
 20	-1.3250e-004	-1.7900e-003	-4.6500e-004	-1.7900e-003	-2.3250e-004	-9.0934e-003	-3.9450e-003	 2.7366e-003	 2.5199e-002	-5.3448e-002	-2.3074e-001	 4.6059e-001	-3.5097e-002	 1.3255e-002	 5.7538e-010	-2.0982e-009	 9.1014e-002	-3.0530e-002	 1.3558e-009	-1.6236e-009	-1.0353e-002	 6.2988e-002	-1.4985e-009	 2.8631e-009	-3.3124e-003	 1.7173e-002	-2.1634e-010	 4.2934e-010	 1.2599e-010	-4.7582e-011	 2.8081e-001	-8.2369e-001	-6.5345e-010	 2.1919e-010	 2.4910e-001	-3.4573e-001	 1.1149e-010	-6.7835e-010	-9.8968e-002	 1.8612e-001
 22	 1.2763e-003	 6.4250e-004	 2.3525e-003	 6.4250e-004	 1.1762e-003	-1.2716e-002	-8.3500e-004	 4.9444e-003	 3.1395e-002	-9.2144e-002	-2.3074e-001	 4.6059e-001	-3.3975e-002	 2.4362e-002	 7.1028e-010	-3.0796e-009	 8.9467e-002	 4.8339e-002	 1.2525e-009	-1.6064e-009	-1.5672e-002	 7.8390e-002	-1.6125e-009	 4.2491e-009	 2.7395e-003	-2.6365e-002	-1.7516e-010	 2.1846e-010	 1.2196e-010	-8.7454e-011	 2.9545e-001	-9.7958e-001	-6.4234e-010	-3.4706e-010	 2.2325e-001	-2.8461e-001	 1.6878e-010	-8.4421e-010	-1.1720e-001	 3.5398e-001
 24	 1.4100e-003	 8.7000e-004	 2.6200e-003	 8.7000e-004	 1.3100e-003	-1.8517e-002	-1.9700e-003	 2.3528e-003	 3.3214e-002	-1.1209e-001	-2.3074e-001	 4.6059e-001	-4.4660e-002	 3.5438e-002	 4.5514e-010	-2.4719e-009	 9.0964e-002	 5.8147e-002	 1.0628e-009	-1.0478e-009	-1.4011e-002	 7.1418e-002	-1.0298e-009	 2.8558e-009	 1.1771e-002	-4.6595e-002	-2.4405e-010	 3.3194e-010	 1.6032e-010	-1.2721e-010	 2.6276e-001	-8.7352e-001	-6.5309e-010	-4.1747e-010	 2.1601e-001	-2.3841e-001	 1.5089e-010	-7.6912e-010	-5.0300e-002	 2.0353e-001
msh	M=2.50 01         	 02         	 03         	 04         	 05         	 06         	 07         	 08         	 09         	 10         	 11         	 12         	 13         	 14         	 15         	 16         	 17         	 18         	 19         	 20         	 21         	 22         	 23         	 24         	 25         	 26         	 27         	 28         	 29         	 30         	 31         	 32         	 33         	 34         	 35         	 36         	 37         	 38         	 39         	 40         	
  0	-2.8500e-004	-1.3553e-020	-4.2989e-021	 5.4210e-020	 3.6500e-004	 4.0658e-020	 5.4210e-020	 4.0658e-020	 3.3310e-002	-8.9169e-002	-1.1525e-001	 2.1501e-001	 4.1200e-018	 3.2092e-017	-6.9823e-017	 2.1858e-016	 3.3572e-018	 1.0085e-017	-2.4048e-017	 5.2977e-017	-3.3610e-018	-1.9082e-017	-5.6379e-018	 7.1124e-017	 8.3151e-003	-1.9984e-002	-5.9644e-002	 1.3437e-001	 9.6494e-018	-4.9440e-017	 2.5153e-017	 5.5511e-017	 1.4528e-017	-2.6021e-017	 2.4286e-017	-6.2450e-017	-7.5894e-018	 3.4694e-017	-6.0282e-017	 1.0061e-016
  2	-2.4000e-004	-2.5000e-006	 9.5000e-005	-2.5000e-006	 4.1000e-004	-1.9329e-003	-9.0000e-005	 4.6211e-004	 2.7398e-002	-7.7638e-002	-1.1507e-001	 2.1460e-001	-2.0160e-003	-8.5725e-003	 6.4557e-005	-1.3477e-004	 1.4106e-002	-1.1839e-002	 7.1812e-005	-1.7634e-004	 3.1862e-004	 1.0665e-002	 7.9065e-005	-2.1790e-004	 4.8845e-003	-6.5041e-003	-5.9460e-002	 1.3390e-001	 2.5321e-006	-1.4508e-005	-2.1876e-002	 1.7546e-001	 3.5809e-006	-2.0517e-005	 3.5341e-002	-6.6596e-002	 2.5321e-006	-1.4508e-005	-3.0165e-002	 9.4113e-002
  4	-3.1875e-004	-2.9500e-004	-6.2500e-005	-2.9500e-004	 3.3125e-004	-9.9363e-004	-2.5000e-004	 3.7137e-004	 2.4968e-002	-8.3763e-002	-1.1505e-001	 2.1457e-001	 8.7459e-004	-3.0554e-002	-1.4508e-005	 8.3126e-005	 2.1848e-002	-1.9081e-003	 1.5388e-004	-4.1145e-004	-5.7379e-004	 2.2429e-002	 1.4507e-005	-8.3123e-005	 7.3142e-003	-5.0165e-003	-5.9424e-002	 1.3381e-001	 3.5810e-006	-2.0517e-005	-1.4769e-001	 3.7112e-001	-1.5687e-010	 1.3804e-011	 9.1385e-002	-1.8174e-001	-3.5810e-006	 2.0517e-005	-7.6143e-002	 2.3769e-001
  6	-3.9500e-004	-5.4250e-004	-2.1500e-004	-5.4250e-004	 2.5500e-004	-6.4846e-004	-6.5500e-004	 5.5654e-004	 2.3756e-002	-7.7987e-002	-1.1501e-001	 2.1448e-001	 6.0010e-003	-5.6544e-002	-7.2545e-006	 4.1563e-005	 3.8986e-002	-4.2697e-002	 7.1813e-005	-1.7634e-004	-3.3224e-003	 3.3319e-002	 7.2531e-006	-4.1561e-005	 1.7296e-003	 2.4088e-002	-5.9378e-002	 1.3366e-001	 1.5373e-005	-4.7044e-005	-1.3498e-001	 2.6355e-001	 3.5807e-006	-2.0517e-005	 1.6532e-001	-3.5097e-001	-2.0437e-005	 7.6060e-005	-9.0808e-002	 2.1218e-001
  8	-1.3125e-004	-1.1000e-004	 3.1250e-004	-1.1000e-004	 5.1875e-004	 1.1115e-003	-1.3750e-003	-2.1349e-004	 1.7774e-002	-5.8855e-002	-1.1509e-001	 2.1469e-001	-9.6341e-003	-1.2673e-002	 1.0258e-005	-5.8778e-005	 5.5931e-002	-6.9944e-002	-7.1810e-005	 1.7633e-004	 2.3074e-003	-2.6332e-003	 1.0258e-005	-5.8777e-005	-1.4369e-002	 5.1119e-002	-5.9465e-002	 1.3393e-001	 1.4324e-005	-4.1035e-005	-1.0707e-001	 1.0906e-001	 7.1616e-006	-4.1035e-005	 2.1806e-001	-3.5690e-001	-1.4324e-005	 4.1035e-005	-2.3478e-002	 8.2961e-002
 10	 4.0625e-004	 9.8500e-004	 1.3875e-003	 9.8500e-004	 1.0562e-003	-1.4259e-005	-1.1950e-003	 3.6074e-004	 4.6195e-003	-3.6932e-003	-1.1510e-001	 2.1466e-001	-2.5667e-002	 1.9516e-002	 6.4557e-005	-1.3477e-004	 5.1598e-002	-5.6321e-002	-1.5388e-004	 4.1145e-004	 3.5290e-003	-2.0788e-002	 7.9064e-005	-2.1789e-004	-3.7565e-003	-6.5861e-003	-5.9491e-002	 1.3396e-001	 1.6856e-005	-5.5543e-005	-4.6597e-003	-1.0512e-001	 3.5806e-006	-2.0517e-005	 1.4917e-001	-1.3713e-001	-1.1792e-005	 2.6527e-005	-1.0663e-001	 4.2224e-001
 12	 2.5000e-004	 3.9750e-004	 1.0750e-003	 3.9750e-004	 9.0000e-004	-6.5245e-004	-5.2500e-004	 2.7526e-003	 1.6168e-003	 1.5563e-002	-1.1512e-001	 2.1475e-001	-3.0564e-002	 2.7513e-002	-8.9324e-005	 2.7667e-004	 6.2939e-002	-8.2481e-002	-1.4362e-004	 3.5267e-004	 1.8159e-002	-5.3529e-002	-7.4817e-005	 1.9355e-004	 6.1611e-003	-3.5013e-002	-5.9506e-002	 1.3404e-001	 1.6856e-005	-5.5543e-005	 6.1169e-002	-3.0206e-001	 3.5805e-006	-2.0517e-005	 1.3600e-001	-1.5241e-001	-1.1792e-005	 2.6528e-005	-1.1286e-001	 3.7013e-001
 14	-2.4500e-004	-7.4750e-004	 8.5000e-005	-7.4750e-004	 4.0500e-004	-8.7264e-005	 8.5500e-004	 3.4177e-003	 9.1333e-003	 1.6034e-002	-1.1504e-001	 2.1451e-001	-2.5477e-002	 3.4294e-002	 6.4558e-005	-1.3477e-004	 6.9672e-002	-6.6969e-002	 8.4153e-010	-1.2107e-009	-5.1544e-003	 2.8694e-002	 7.9064e-005	-2.1789e-004	-1.2220e-002	 2.0610e-002	-5.9424e-002	 1.3381e-001	-8.2107e-006	 6.0093e-006	 6.5165e-002	-3.1513e-001	 3.5805e-006	-2.0517e-005	 9.2873e-002	-7.5530e-002	 1.3275e-005	-3.5026e-005	-1.4848e-001	 4.0349e-001
 16	-1.2375e-003	-2.8925e-003	-1.9000e-003	-2.8925e-003	-5.8750e-004	-1.9127e-003	-1.9550e-003	 9.7227e-004	 8.0894e-003	 1.3624e-002	-1.1507e-001	 2.1460e-001	-2.1637e-002	 3.6229e-002	-1.4508e-005	 8.3123e-005	 8.0221e-002	-3.8409e-002	-8.2069e-005	 2.3511e-004	 8.4447e-003	 5.8398e-002	 1.4507e-005	-8.3122e-005	-1.0206e-003	 3.4962e-002	-5.9450e-002	 1.3384e-001	-1.4324e-005	 4.1035e-005	 1.1230e-001	-4.3379e-001	-5.7588e-010	 2.7555e-010	 9.5837e-002	-9.2047e-002	 1.4324e-005	-4.1036e-005	-1.1651e-001	 3.0494e-001
 18	-1.3675e-003	-3.0775e-003	-2.1600e-003	-3.0775e-003	-7.1750e-004	-3.5176e-003	-3.9550e-003	 1.4174e-003	 9.0205e-003	-1.3460e-002	-1.1508e-001	 2.1466e-001	-2.9797e-002	 1.8779e-002	-8.6319e-005	 2.5946e-004	 7.8760e-002	-3.6932e-002	 8.2071e-005	-2.3511e-004	 1.3503e-002	 5.4469e-002	-5.7305e-005	 9.3213e-005	 8.0536e-003	 2.3185e-002	-5.9460e-002	 1.3390e-001	-3.5809e-006	 2.0517e-005	 1.1238e-001	-4.2071e-001	-5.6545e-010	 2.6505e-010	 1.2364e-001	-1.3801e-001	 3.5808e-006	-2.0518e-005	-1.5330e-001	 3.1531e-001
 20	-4.6250e-004	-1.3525e-003	-3.5000e-004	-1.3525e-003	 1.8750e-004	-5.1372e-003	-2.6800e-003	 3.8078e-003	 6.7090e-003	-3.0151e-002	-1.1512e-001	 2.1475e-001	-4.0792e-002	 1.2543e-002	 1.3264e-005	-7.5996e-005	 6.8798e-002	-2.3062e-002	 1.0480e-009	-1.1965e-009	 6.4429e-003	 4.5070e-002	 2.7770e-005	-1.5912e-004	 9.8065e-003	 2.8212e-003	-5.9485e-002	 1.3393e-001	-2.5320e-006	 1.4508e-005	 1.2192e-001	-4.2970e-001	 3.5805e-006	-2.0517e-005	 1.3225e-001	-1.2667e-001	-2.5322e-006	 1.4508e-005	-1.6537e-001	 3.3419e-001
 22	 6.0125e-004	 4.8500e-004	 1.7775e-003	 4.8500e-004	 1.2512e-003	-6.9144e-003	-4.4500e-004	 6.4406e-003	 1.2763e-002	-5.0535e-002	-1.1508e-001	 2.1466e-001	-3.8457e-002	 3.1159e-002	 8.2071e-005	-2.3512e-004	 6.7645e-002	 3.6521e-002	 6.1554e-005	-1.1756e-004	 9.4284e-004	 4.6479e-002	 8.2068e-005	-2.3511e-004	 1.3028e-002	-3.9004e-002	-5.9460e-002	 1.3390e-001	 1.3807e-010	-1.1193e-010	 1.5257e-001	-5.5937e-001	 7.1615e-006	-4.1035e-005	 1.4500e-001	-8.1702e-002	-1.0167e-011	-5.0048e-010	-1.5983e-001	 4.4998e-001
 24	 7.0250e-004	 6.5750e-004	 1.9800e-003	 6.5750e-004	 1.3525e-003	-9.4750e-003	-2.7500e-004	 6.3000e-003	 1.8897e-002	-6.9185e-002	-1.1500e-001	 2.1442e-001	-3.5901e-002	 2.2409e-002	-1.0258e-005	 5.8776e-005	 6.8762e-002	 4.3990e-002	 8.2071e-005	-2.3511e-004	-8.4529e-003	 5.8389e-002	-1.0260e-005	 5.8782e-005	 1.5080e-002	-5.0678e-002	-5.9378e-002	 1.3366e-001	-1.0743e-005	 2.0517e-005	 1.3302e-001	-4.9188e-001	 7.1615e-006	-4.1035e-005	 1.7967e-001	-1.2332e-001	 1.0743e-005	-2.0518e-005	-1.0348e-001	 3.2197e-001

