22.15
22.15
22.15
22.15
22.12
22.12
22.12
22.12
22.12
22.12
22.12
22.12
22.12
22.11
22.11
22.11
22.11
22.11
22.1
22.1
22.1
22.1
22.1
22.1
22.1
22.1
22.1
22.08
22.08
22.08
22.08
22.08
22.07
22.07
22.07
22.07
22.07
22.07
22.07
22.07
22.07
22.06
22.06
22.06
22.06
22.06
22.06
22.05
22.05
22.05
22.05
22.05
22.05
22.04
22.04
22.04
22.04
22.04
22.04
22.04
22.04
22.04
22.02
22.02
22.02
22.02
22.02
22.0
22.0
22.0
22.0
22.0
22.0
22.0
22.0
22.0
21.97
21.97
21.97
21.97
21.95
21.95
21.95
21.95
21.95
21.95
21.95
21.95
21.95
21.91
21.91
21.91
21.91
21.91
21.87
21.87
21.87
21.87
21.87
21.87
21.87
21.87
21.87
21.84
21.84
21.84
21.84
21.84
21.84
21.81
21.81
21.81
21.81
21.81
21.81
21.8
21.8
21.8
21.8
21.8
21.8
21.8
21.8
21.8
21.81
21.81
21.81
21.81
21.81
21.81
21.81
21.82
21.82
21.82
21.82
21.82
21.83
21.83
21.83
21.83
21.83
21.83
21.83
21.83
21.83
21.84
21.84
21.84
21.84
21.88
21.88
21.88
21.88
21.88
21.88
21.88
21.88
21.88
21.91
21.91
21.91
21.91
21.91
21.94
21.94
21.94
21.94
21.94
21.94
21.94
21.94
21.94
21.94
21.94
21.94
21.94
21.94
21.94
21.94
21.94
21.94
21.94
21.94
21.94
21.93
21.93
21.93
21.93
21.93
21.93
21.93
21.93
21.93
21.92
21.92
21.92
21.92
21.92
21.93
21.93
21.93
21.93
21.93
21.93
21.93
21.93
21.93
21.95
21.95
21.95
21.95
21.95
21.96
21.96
21.96
21.96
21.96
21.96
21.96
21.96
21.96
21.96
21.96
21.96
21.96
21.93
21.93
21.93
21.93
21.93
21.93
21.93
21.93
21.93
21.9
21.9
21.9
21.9
21.9
21.87
21.87
21.87
21.87
21.87
21.87
21.87
21.87
21.87
21.83
21.83
21.83
21.83
21.83
21.83
21.83
21.82
21.82
21.82
21.82
21.82
21.82
21.82
21.81
21.81
21.81
21.81
21.81
21.8
21.8
21.8
21.8
21.8
21.8
21.8
21.8
21.8
21.79
21.79
21.79
21.79
21.79
21.75
21.75
21.75
21.75
21.75
21.75
21.75
21.75
21.7
21.7
21.7
21.7
21.7
21.68
21.68
21.68
21.68
21.68
21.68
21.68
21.68
21.68
21.67
21.67
21.67
21.67
21.67
21.67
21.67
21.67
21.64
21.64
21.64
21.64
21.62
21.62
21.62
21.62
21.62
21.62
21.62
21.62
21.62
21.59
21.59
21.59
21.59
21.59
21.59
21.58
21.58
21.58
21.58
21.58
21.58
21.55
21.55
21.55
21.55
21.55
21.55
21.55
21.55
21.55
21.52
21.52
21.52
21.52
21.52
21.48
21.48
21.48
21.48
21.48
21.48
21.48
21.48
21.41
21.41
21.41
21.41
21.41
21.37
21.37
21.37
21.37
21.37
21.37
21.37
21.37
21.37
21.32
21.32
21.32
21.32
21.32
21.31
21.31
21.31
21.31
21.31
21.31
21.31
21.31
21.31
21.31
21.31
21.31
21.31
21.31
21.31
21.3
21.3
21.3
21.3
21.3
21.3
21.31
21.31
21.31
21.31
21.31
21.31
21.31
21.31
21.31
21.31
21.31
21.31
21.31
21.31
21.33
21.33
21.33
21.33
21.33
21.33
21.33
21.33
21.33
21.35
21.35
21.35
21.35
21.37
21.37
21.37
21.37
21.37
21.37
21.37
21.37
21.37
21.38
21.38
21.38
21.38
21.38
21.35
21.35
21.35
21.35
21.35
21.35
21.35
21.35
21.35
21.35
21.35
21.3
21.3
21.3
21.3
21.3
21.25
21.25
21.25
21.25
21.25
21.2
21.2
21.2
21.2
21.2
21.2
21.2
21.15
21.15
21.15
21.15
21.15
21.15
21.15
21.15
21.15
21.12
21.12
21.12
21.12
21.12
21.12
21.08
21.08
21.08
21.08
21.08
21.08
21.05
21.05
21.05
21.05
21.05
21.05
21.05
21.05
21.03
21.03
21.03
21.03
21.03
21.04
21.04
21.04
21.04
21.04
21.04
21.04
21.04
21.04
21.07
21.07
21.07
21.07
21.07
21.09
21.09
21.09
21.09
21.09
21.09
21.09
21.09
21.09
21.09
21.09
21.09
21.09
21.09
21.06
21.06
21.06
21.06
21.06
21.06
21.06
21.02
21.02
21.02
21.02
21.02
21.02
21.02
21.02
21.02
20.98
20.98
20.98
20.98
20.98
20.98
20.94
20.94
20.94
20.94
20.94
20.94
20.91
20.91
20.91
20.91
20.91
20.91
20.91
20.91
20.86
20.86
20.86
20.86
20.86
20.81
20.81
20.81
20.81
20.81
20.81
20.81
20.81
20.81
20.78
20.78
20.78
20.78
20.78
20.73
20.73
20.73
20.73
20.73
20.73
20.73
20.73
20.73
20.69
20.69
20.69
20.69
20.69
20.67
20.67
20.67
20.67
20.67
20.67
20.67
20.67
20.67
20.65
20.65
20.65
20.65
20.65
20.65
20.65
20.65
20.65
20.65
20.65
20.65
20.67
20.67
20.67
20.67
20.67
20.67
20.67
20.67
20.67
20.69
20.69
20.69
20.69
20.69
20.7
20.7
20.7
20.7
20.7
20.7
20.7
20.7
20.7
20.7
20.7
20.7
20.7
20.7
20.7
20.7
20.7
20.7
20.7
20.7
20.7
20.7
20.7
20.7
20.7
20.7
20.7
20.7
20.7
20.7
20.7
20.7
20.7
20.7
20.7
20.69
20.69
20.69
20.69
20.69
20.69
20.69
20.69
20.69
20.67
20.67
20.67
20.67
20.67
20.67
20.67
20.65
20.65
20.65
20.65
20.65
20.62
20.62
20.62
20.62
20.62
20.62
20.62
20.62
20.62
20.6
20.6
20.6
20.6
20.59
20.59
20.59
20.59
20.59
20.59
20.59
20.59
20.59
20.58
20.58
20.58
20.58
20.58
20.56
20.56
20.56
20.56
20.56
20.56
20.56
20.56
20.56
20.55
20.55
20.55
20.55
20.55
20.53
20.53
20.53
20.53
20.53
20.53
20.53
20.53
20.53
20.53
20.53
20.5
20.5
20.5
20.5
20.5
20.5
20.5
20.5
20.5
20.5
20.5
20.5
20.5
20.5
20.5
20.5
20.5
20.52
20.52
20.52
20.52
20.52
20.52
20.52
20.54
20.54
20.54
20.54
20.54
20.54
20.54
20.54
20.55
20.55
20.55
20.55
20.55
20.55
20.55
20.55
20.55
20.55
20.55
20.55
20.55
20.55
20.55
20.55
20.55
20.55
20.55
20.55
20.55
20.55
20.55
20.55
20.55
20.55
20.55
20.55
20.56
20.56
20.56
20.56
20.56
20.57
20.57
20.57
20.57
20.57
20.57
20.57
20.57
20.57
20.55
20.55
20.55
20.55
20.55
20.53
20.53
20.53
20.53
20.53
20.53
20.53
20.53
20.53
20.53
20.53
20.53
20.53
20.53
20.53
20.53
20.53
20.53
20.53
20.53
20.51
20.51
20.51
20.51
20.51
20.51
20.51
20.51
20.51
20.51
20.51
20.51
20.51
20.51
20.52
20.52
20.52
20.52
20.52
20.52
20.52
20.52
20.52
20.54
20.54
20.54
20.54
20.54
20.56
20.56
20.56
20.56
20.56
20.56
20.56
20.56
20.56
20.57
20.57
20.57
20.57
20.57
20.57
20.57
20.57
20.57
20.57
20.57
20.57
20.56
20.56
20.56
20.56
20.56
20.56
20.56
20.56
20.56
20.53
20.53
20.53
20.53
20.53
20.53
20.53
20.49
20.49
20.49
20.49
20.49
20.47
20.47
20.47
20.47
20.47
20.47
20.47
20.45
20.45
20.45
20.45
20.45
20.45
20.45
20.45
20.45
