116.726360888
116.726360888
116.726360888
116.726360888
116.726360888
116.726360888
116.726360888
116.726360888
116.726360888
116.726360888
116.726360888
116.726360888
116.726360888
116.726360888
116.726360888
116.726360888
116.726360888
116.726360888
116.726360888
116.726360888
116.726360888
116.726360888
116.726360888
116.726360888
116.726360888
116.726360888
116.726360888
116.726360888
116.726360888
116.726360888
116.726360888
116.323159818
116.323159818
116.323159818
116.323159818
116.323159818
116.323159818
116.323159818
116.323159818
116.323159818
116.323159818
116.323159818
116.323159818
116.323159818
116.323159818
116.323159818
116.323159818
116.323159818
116.323159818
116.323159818
116.323159818
116.323159818
116.726360888
116.726360888
116.726360888
116.726360888
116.726360888
116.726360888
116.323159818
116.323159818
116.323159818
116.323159818
116.323159818
116.323159818
116.323159818
116.636161557
117.844858727
117.844858727
117.844858727
117.844858727
117.844858727
117.844858727
118.16025773
118.561482171
118.561482171
118.561482171
118.561482171
118.561482171
118.2450122
118.2450122
118.2450122
118.2450122
118.2450122
118.2450122
118.2450122
117.927692991
117.12817399
117.12817399
117.12817399
117.12817399
117.12817399
117.12817399
117.12817399
116.726360888
116.726360888
116.726360888
116.726360888
116.726360888
116.726360888
116.411426828
116.411426828
116.411426828
116.411426828
116.411426828
116.411426828
116.411426828
116.812155816
116.812155816
117.12817399
117.12817399
117.12817399
117.12817399
117.12817399
117.12817399
116.726360888
116.726360888
116.726360888
116.726360888
117.12817399
117.12817399
117.12817399
117.12817399
117.12817399
117.12817399
117.12817399
117.12817399
117.12817399
117.52861336
117.52861336
117.844858727
117.844858727
117.844858727
117.844858727
117.844858727
117.844858727
117.844858727
117.844858727
117.844858727
117.844858727
117.844858727
117.844858727
118.643816071
118.643816071
118.643816071
118.643816071
118.643816071
118.643816071
118.643816071
118.643816071
118.643816071
118.643816071
118.643816071
118.643816071
118.643816071
118.643816071
118.643816071
118.643816071
118.643816071
118.643816071
118.643816071
118.643816071
118.961353398
118.961353398
118.961353398
118.961353398
118.961353398
118.961353398
118.961353398
118.961353398
119.757090385
119.757090385
119.757090385
119.757090385
119.757090385
119.757090385
119.757090385
119.757090385
119.757090385
119.757090385
119.757090385
119.757090385
119.757090385
119.757090385
119.757090385
119.757090385
119.757090385
119.757090385
119.757090385
119.757090385
119.757090385
119.757090385
119.757090385
119.757090385
119.757090385
119.757090385
119.757090385
119.757090385
119.757090385
119.757090385
119.757090385
119.757090385
119.757090385
119.757090385
119.359885011
119.359885011
119.041283905
119.041283905
119.041283905
119.041283905
119.041283905
119.359885011
120.152982673
120.152982673
120.152982673
120.152982673
120.152982673
120.152982673
120.152982673
120.152982673
120.152982673
120.152982673
120.152982673
120.152982673
119.832264593
119.43742904
119.43742904
119.43742904
119.43742904
119.43742904
119.43742904
119.43742904
119.832264593
119.832264593
119.832264593
119.832264593
119.832264593
119.832264593
119.43742904
119.116909893
119.116909893
119.116909893
119.116909893
119.116909893
119.116909893
118.795526002
118.401509905
118.401509905
118.401509905
118.401509905
118.401509905
118.401509905
118.721827843
119.510685876
119.510685876
119.510685876
119.510685876
119.510685876
119.510685876
118.721827843
118.721827843
118.721827843
118.721827843
118.721827843
118.721827843
118.721827843
118.080323077
117.290479276
117.290479276
117.290479276
117.290479276
117.290479276
117.290479276
116.893556042
116.893556042
116.57473011
116.57473011
116.57473011
116.57473011
116.57473011
116.25502985
116.25502985
116.25502985
116.25502985
116.25502985
116.25502985
116.57473011
116.57473011
116.57473011
116.57473011
116.57473011
116.57473011
116.57473011
116.57473011
116.97057074
116.97057074
116.97057074
116.97057074
116.97057074
116.97057074
117.290479276
118.080323077
118.080323077
118.080323077
118.080323077
118.080323077
118.080323077
118.47327033
118.795526002
118.795526002
118.795526002
118.795526002
118.795526002
118.795526002
118.795526002
119.188239556
119.188239556
119.188239556
119.188239556
119.188239556
119.188239556
119.188239556
119.579663399
119.579663399
119.579663399
119.579663399
119.579663399
119.579663399
119.969810157
119.969810157
120.294370901
120.294370901
120.294370901
120.294370901
120.294370901
120.294370901
120.684305055
120.684305055
120.684305055
120.684305055
120.684305055
120.684305055
121.072983372
121.072983372
121.072983372
121.072983372
121.072983372
121.072983372
121.072983372
121.398765911
121.787242955
121.787242955
121.787242955
121.787242955
121.787242955
121.787242955
122.174484768
122.174484768
122.174484768
122.174484768
122.174484768
122.174484768
122.174484768
122.56050306
122.56050306
122.56050306
122.56050306
122.56050306
122.56050306
122.231602913
121.460417909
121.460417909
121.460417909
121.460417909
121.460417909
121.460417909
121.460417909
120.684305055
120.684305055
120.684305055
120.684305055
120.684305055
120.684305055
120.358692247
120.358692247
120.358692247
120.358692247
120.358692247
120.358692247
120.358692247
121.132711106
121.132711106
121.460417909
121.460417909
121.460417909
121.460417909
121.460417909
121.132711106
120.746321889
120.746321889
120.746321889
120.746321889
120.746321889
120.746321889
121.517871732
121.517871732
121.517871732
121.517871732
121.517871732
121.517871732
121.517871732
121.84662053
121.84662053
121.84662053
121.84662053
121.84662053
121.84662053
121.84662053
121.460417909
121.460417909
121.132711106
121.132711106
121.132711106
121.132711106
121.132711106
121.132711106
121.132711106
121.132711106
121.132711106
121.132711106
121.132711106
121.460417909
122.615376551
122.615376551
122.615376551
122.615376551
122.615376551
122.615376551
122.615376551
122.615376551
122.615376551
122.615376551
122.615376551
122.615376551
122.615376551
122.615376551
122.615376551
122.615376551
122.615376551
122.615376551
122.615376551
122.615376551
122.615376551
122.615376551
122.615376551
122.615376551
122.615376551
122.615376551
122.615376551
122.997952759
122.997952759
122.997952759
122.997952759
122.997952759
122.997952759
122.997952759
123.328914995
123.711331153
123.711331153
123.711331153
123.711331153
123.711331153
123.711331153
123.711331153
124.092568825
124.092568825
124.092568825
124.092568825
124.092568825
124.092568825
123.711331153
123.711331153
123.711331153
123.711331153
123.711331153
123.711331153
123.711331153
123.711331153
123.711331153
123.711331153
123.711331153
123.711331153
123.711331153
123.328914995
123.328914995
122.997952759
122.997952759
122.997952759
122.997952759
122.997952759
122.997952759
122.997952759
122.997952759
122.997952759
122.997952759
122.997952759
122.997952759
122.997952759
122.615376551
122.615376551
122.615376551
122.615376551
122.615376551
122.615376551
122.615376551
122.997952759
122.997952759
122.997952759
122.997952759
122.997952759
122.997952759
122.997952759
123.379342675
123.379342675
123.379342675
123.379342675
123.379342675
123.379342675
124.138607334
124.138607334
124.138607334
124.138607334
124.138607334
124.138607334
124.138607334
124.138607334
124.138607334
124.138607334
124.138607334
124.138607334
124.138607334
124.138607334
123.759557267
123.759557267
123.759557267
123.759557267
123.759557267
123.759557267
123.759557267
124.138607334
124.138607334
124.138607334
124.138607334
124.138607334
124.138607334
124.138607334
124.138607334
124.138607334
124.138607334
124.138607334
124.138607334
124.138607334
123.759557267
123.759557267
123.759557267
123.759557267
123.759557267
123.759557267
123.759557267
123.759557267
124.138607334
124.138607334
124.138607334
124.138607334
124.138607334
124.138607334
124.138607334
123.759557267
123.759557267
123.759557267
123.759557267
123.759557267
123.759557267
123.759557267
123.759557267
123.759557267
123.759557267
123.759557267
123.759557267
123.759557267
123.425647261
123.425647261
123.425647261
123.425647261
123.425647261
123.425647261
123.425647261
123.425647261
123.425647261
123.425647261
123.425647261
123.425647261
123.425647261
123.425647261
123.759557267
124.516503513
124.516503513
124.516503513
124.516503513
124.516503513
124.516503513
124.516503513
124.516503513
124.516503513
124.516503513
124.516503513
124.516503513
124.516503513
124.516503513
124.516503513
124.516503513
124.516503513
124.516503513
124.516503513
124.516503513
124.138607334
124.138607334
123.803674631
123.803674631
123.803674631
123.803674631
123.803674631
123.803674631
123.425647261
123.425647261
123.425647261
123.425647261
123.425647261
123.425647261
123.090831497
121.952833278
121.952833278
121.952833278
121.952833278
121.952833278
121.952833278
121.952833278
122.712671366
122.712671366
122.712671366
122.712671366
122.712671366
122.712671366
123.046458509
123.425647261
123.425647261
123.425647261
123.425647261
123.425647261
123.425647261
124.93089371
125.268875939
125.268875939
125.268875939
125.268875939
125.268875939
125.605948764
125.981453185
125.981453185
125.981453185
125.981453185
125.981453185
125.981453185
125.981453185
126.318628903
126.694019415
126.694019415
126.694019415
126.694019415
126.694019415
126.694019415
126.318628903
126.318628903
125.981453185
125.981453185
125.981453185
125.981453185
125.981453185
125.981453185
125.981453185
125.981453185
125.981453185
125.981453185
125.981453185
125.981453185
125.605948764
125.605948764
125.268875939
125.268875939
125.268875939
125.268875939
124.93089371
123.803674631
123.803674631
123.803674631
123.803674631
123.803674631
123.803674631
123.467833395
122.712671366
122.712671366
122.712671366
122.712671366
122.712671366
122.712671366
122.0423585
121.286670995
121.286670995
121.286670995
121.286670995
121.286670995
121.286670995
121.286670995
121.665101466
121.665101466
121.665101466
121.665101466
121.665101466
121.665101466
121.665101466
121.665101466
121.665101466
121.665101466
121.665101466
121.665101466
121.665101466
121.665101466
121.665101466
121.665101466
121.665101466
121.665101466
121.665101466
121.665101466
121.329600973
120.952214053
120.952214053
120.952214053
120.952214053
120.952214053
120.952214053
122.080875031
122.080875031
122.080875031
122.080875031
122.418452946
122.418452946
122.418452946
122.418452946
122.755102562
122.755102562
122.755102562
122.755102562
122.755102562
122.755102562
122.755102562
122.755102562
122.755102562
122.755102562
122.755102562
122.755102562
123.131076192
123.131076192
123.131076192
123.131076192
123.131076192
123.131076192
123.131076192
123.131076192
123.131076192
123.131076192
123.131076192
123.131076192
123.131076192
123.131076192
123.131076192
123.131076192
123.131076192
123.131076192
123.131076192
123.131076192
123.131076192
123.131076192
122.755102562
122.755102562
122.755102562
122.755102562
122.755102562
122.755102562
122.755102562
123.131076192
123.131076192
123.131076192
123.131076192
123.131076192
123.131076192
123.131076192
123.131076192
123.131076192
123.131076192
123.131076192
123.131076192
123.131076192
122.793395487
122.0423585
122.0423585
122.0423585
122.0423585
122.0423585
122.0423585
121.705817693
120.952214053
120.952214053
120.952214053
120.952214053
120.952214053
120.952214053
121.286670995
121.665101466
121.665101466
121.665101466
121.665101466
121.665101466
121.665101466
121.665101466
121.665101466
121.665101466
121.665101466
121.665101466
121.665101466
121.999679372
123.131076192
123.131076192
123.131076192
123.131076192
123.131076192
123.131076192
123.131076192
123.131076192
123.131076192
123.131076192
123.131076192
123.131076192
123.131076192
122.793395487
122.418452946
122.418452946
122.418452946
122.418452946
122.418452946
122.418452946
122.755102562
122.755102562
122.755102562
122.755102562
122.755102562
122.755102562
122.755102562
122.755102562
123.505905297
123.505905297
123.505905297
123.505905297
123.505905297
123.505905297
123.843687638
124.218404645
124.218404645
124.218404645
124.218404645
124.218404645
124.218404645
123.843687638
123.505905297
123.505905297
123.505905297
123.505905297
123.505905297
123.505905297
123.505905297
122.755102562
122.755102562
122.755102562
122.755102562
122.755102562
122.755102562
122.755102562
123.131076192
123.131076192
123.131076192
123.131076192
123.131076192
123.131076192
123.131076192
123.505905297
123.505905297
123.505905297
123.505905297
123.505905297
123.505905297
123.505905297
123.843687638
123.843687638
123.843687638
123.843687638
123.843687638
123.843687638
123.843687638
123.843687638
123.843687638
123.843687638
123.843687638
123.843687638
123.843687638
123.843687638
123.843687638
123.843687638
123.843687638
