99.01
99.01
99.01
99.01
99.01
99.01
99.01
99.01
98.72
98.72
98.72
98.72
98.72
98.72
98.29
98.29
98.29
98.29
98.29
98.29
98.29
98.29
97.76
97.76
97.76
97.76
97.76
97.76
97.02
97.02
97.02
97.02
97.02
97.02
97.02
97.02
96.21
96.21
96.21
96.21
96.21
96.21
95.39
95.39
95.39
95.39
95.39
95.39
95.39
95.39
94.38
94.38
94.38
94.38
94.38
94.38
93.36
93.36
93.36
93.36
93.36
93.36
93.36
92.35
92.35
92.35
92.35
92.35
92.35
92.35
92.35
91.31
91.31
91.31
91.31
91.31
91.31
90.15
90.15
90.15
90.15
90.15
90.15
90.15
88.94
88.94
88.94
88.94
88.94
88.94
87.75
87.75
87.75
87.75
87.75
87.75
87.75
87.75
86.64
86.64
86.64
86.64
86.64
86.64
85.53
85.53
85.53
85.53
85.53
85.53
85.53
85.53
84.31
84.31
84.31
84.31
84.31
84.31
84.31
83.11
83.11
83.11
83.11
83.11
83.11
81.93
81.93
81.93
81.93
81.93
81.93
81.93
81.93
80.74
80.74
80.74
80.74
80.74
80.74
80.74
79.56
79.56
79.56
79.56
79.56
79.56
78.37
78.37
78.37
78.37
78.37
78.37
78.37
77.22
77.22
77.22
77.22
77.22
77.22
76.07
76.07
76.07
76.07
76.07
76.07
76.07
76.07
74.98
74.98
74.98
74.98
74.98
74.98
73.86
73.86
73.86
73.86
73.86
73.86
73.86
73.86
72.76
72.76
72.76
72.76
72.76
72.76
71.7
71.7
71.7
71.7
71.7
71.7
71.7
71.7
70.65
70.65
70.65
70.65
70.65
70.65
70.65
69.6
69.6
69.6
69.6
69.6
69.6
68.63
68.63
68.63
68.63
68.63
68.63
68.63
67.65
67.65
67.65
67.65
67.65
67.65
66.65
66.65
66.65
66.65
66.65
66.65
66.65
66.65
65.67
65.67
65.67
65.67
65.67
65.67
64.74
64.74
64.74
64.74
64.74
64.74
64.74
64.74
63.83
63.83
63.83
63.83
63.83
63.83
63.83
63.0
63.0
63.0
63.0
63.0
63.0
62.11
62.11
62.11
62.11
62.11
62.11
62.11
62.11
61.25
61.25
61.25
61.25
61.25
61.25
61.25
60.47
60.47
60.47
60.47
60.47
60.47
59.73
59.73
59.73
59.73
59.73
59.73
59.73
58.97
58.97
58.97
58.97
58.97
58.97
58.23
58.23
58.23
58.23
58.23
58.23
58.23
58.23
57.55
57.55
57.55
57.55
57.55
57.55
56.76
56.76
56.76
56.76
56.0
56.0
56.0
56.0
56.0
56.0
56.0
56.0
56.0
56.0
56.0
55.24
55.24
55.24
55.24
55.24
55.24
54.56
54.56
54.56
54.56
54.56
54.56
54.56
54.56
53.84
53.84
53.84
53.84
53.84
53.84
53.84
53.19
53.19
53.19
53.19
53.19
53.19
52.56
52.56
52.56
52.56
52.56
52.56
52.56
51.96
51.96
51.96
51.96
51.96
51.96
51.31
51.31
51.31
51.31
51.31
51.31
51.31
51.31
50.64
50.64
50.64
50.64
50.64
50.64
50.0
50.0
50.0
50.0
50.0
50.0
50.0
50.0
49.47
49.47
49.47
49.47
49.47
49.47
48.96
48.96
48.96
48.96
48.96
48.96
48.96
48.96
48.41
48.41
48.41
48.41
48.41
48.41
47.89
47.89
47.89
47.89
47.89
47.89
47.89
47.89
47.34
47.34
47.34
47.34
47.34
47.34
47.34
46.78
46.78
46.78
46.78
46.78
46.78
46.3
46.3
46.3
46.3
46.3
46.3
46.3
45.89
45.89
45.89
45.89
45.89
45.89
45.41
45.41
45.41
45.41
45.41
45.41
45.41
45.41
44.92
44.92
44.92
44.92
44.41
44.41
44.41
44.41
44.41
44.41
44.41
44.41
44.41
43.93
43.93
43.93
43.93
43.93
43.93
43.48
43.48
43.48
43.48
43.48
43.48
43.48
43.48
43.48
43.09
43.09
43.09
43.09
43.09
43.09
42.61
42.61
42.61
42.61
42.61
42.61
42.61
42.61
42.2
42.2
42.2
42.2
42.2
42.2
41.85
41.85
41.85
41.85
41.85
41.85
41.52
41.52
41.52
41.52
41.52
41.52
41.52
41.52
41.24
41.24
41.24
41.24
41.24
41.24
40.91
40.91
40.91
40.91
40.91
40.91
40.91
40.91
40.54
40.54
40.54
40.54
40.54
40.54
40.2
40.2
40.2
40.2
40.2
40.2
40.2
40.2
39.81
39.81
39.81
39.81
39.81
39.81
39.42
39.42
39.42
39.42
39.42
39.42
39.42
39.14
39.14
39.14
39.14
39.14
39.14
39.14
39.14
38.77
38.77
38.77
38.77
38.77
38.77
38.44
38.44
38.44
38.44
38.44
38.44
38.14
38.14
38.14
38.14
38.14
38.14
38.14
38.14
37.81
37.81
37.81
37.81
37.81
37.81
37.51
37.51
37.51
37.51
37.51
37.51
37.51
37.51
37.2
37.2
37.2
37.2
37.2
37.2
36.9
36.9
36.9
36.9
36.9
36.9
36.9
36.9
36.65
36.65
36.65
36.65
36.65
36.65
36.33
36.33
36.33
36.33
36.33
36.33
36.33
36.33
36.05
36.05
36.05
36.05
36.05
36.05
36.05
35.71
35.71
35.71
35.71
35.71
35.71
35.49
35.49
35.49
35.49
35.49
35.49
35.49
35.49
35.2
35.2
35.2
35.2
35.2
35.2
35.06
35.06
35.06
35.06
35.06
35.06
35.06
35.06
34.89
34.89
34.89
34.89
34.89
34.89
34.71
34.71
34.71
34.71
34.71
34.71
34.71
34.71
34.71
34.71
34.41
34.41
34.41
34.41
34.41
34.14
34.14
34.14
34.14
34.14
34.14
33.86
33.86
33.86
33.86
33.86
33.86
33.86
33.86
33.68
33.68
33.68
33.68
33.68
33.68
33.68
33.49
33.49
33.49
33.49
33.49
33.49
33.24
33.24
33.24
33.24
33.24
33.24
33.24
32.98
32.98
32.98
32.98
32.98
32.98
32.73
32.73
32.73
32.73
32.73
32.73
32.73
32.73
32.57
32.57
32.57
32.57
32.57
32.57
32.41
32.41
32.41
32.41
32.41
32.41
32.41
32.41
32.25
32.25
32.25
32.25
32.02
32.02
32.02
32.02
32.02
32.02
32.02
32.02
32.02
31.91
31.91
31.91
31.91
31.91
31.91
31.91
31.81
31.81
31.81
31.81
31.81
31.81
31.81
31.81
31.67
31.67
31.67
31.67
31.67
31.67
31.47
31.47
31.47
31.47
31.47
31.47
31.47
31.26
31.26
31.26
31.26
31.26
31.26
31.26
31.07
31.07
31.07
31.07
31.07
31.07
30.9
30.9
30.9
30.9
30.9
30.9
30.9
30.9
30.76
30.76
30.76
30.76
30.76
30.76
30.59
30.59
30.59
30.59
30.59
30.59
30.59
30.59
30.37
30.37
30.37
30.37
30.37
30.37
30.32
30.32
30.32
30.32
30.32
30.32
30.32
30.32
30.2
30.2
30.2
30.2
30.2
30.2
30.11
30.11
30.11
30.11
30.11
30.11
30.11
30.05
30.05
30.05
30.05
30.05
30.05
30.05
29.88
29.88
29.88
29.88
29.88
29.88
29.67
29.67
29.67
29.67
29.67
29.67
29.67
29.67
29.49
29.49
29.49
29.49
29.49
29.49
29.35
29.35
29.35
29.35
29.35
29.35
29.35
29.35
29.26
29.26
29.26
29.26
29.26
29.26
29.11
29.11
29.11
29.11
28.86
28.86
28.86
28.86
28.86
28.86
28.86
28.86
28.86
28.86
28.86
28.67
28.67
28.67
28.67
28.67
28.67
28.67
28.57
28.57
28.57
28.57
28.57
28.57
28.48
28.48
28.48
28.48
28.48
28.48
28.48
28.48
28.39
28.39
28.39
28.39
28.39
28.39
28.22
28.22
28.22
28.22
28.22
28.22
