46.56
46.5558041958
46.5558041958
46.5516083916
46.5516083916
46.5474125874
46.1674125874
46.1632167832
46.1632167832
46.1632167832
46.159020979
46.1948251748
46.1948251748
46.1906293706
46.1906293706
46.1822377622
46.1822377622
46.178041958
46.178041958
46.1738461538
46.3938461538
46.3896503497
46.3896503497
46.3896503497
46.3854545455
46.6812587413
46.6812587413
46.6770629371
46.6770629371
46.6770629371
46.6728671329
46.6728671329
46.9186713287
46.9186713287
46.9144755245
46.9102797203
46.9102797203
46.9102797203
46.9060839161
46.9018881119
46.8976923077
47.0976923077
47.0934965035
47.0934965035
47.0934965035
47.0893006993
47.0893006993
47.3451048951
47.3409090909
47.3409090909
47.3409090909
47.3367132867
47.3367132867
47.4825174825
47.4825174825
47.4783216783
47.4783216783
47.4741258741
47.4741258741
47.4699300699
47.4699300699
47.7657342657
47.7615384615
47.7615384615
47.7573426573
47.7573426573
47.9831468531
47.978951049
47.978951049
47.9747552448
47.9705594406
47.9705594406
47.9663636364
47.9663636364
47.9621678322
48.0621678322
48.057972028
48.057972028
48.057972028
48.0537762238
48.0395804196
48.0395804196
48.0353846154
48.0353846154
48.0311888112
48.0311888112
48.026993007
48.026993007
48.0227972028
48.1027972028
48.0986013986
48.0986013986
48.0986013986
48.0944055944
47.9202097902
47.9202097902
47.916013986
47.916013986
47.9118181818
47.9076223776
47.9076223776
47.8992307692
47.8992307692
47.7792307692
47.7792307692
47.7792307692
47.775034965
47.7708391608
47.7708391608
47.7666433566
47.7066433566
47.7024475524
47.7024475524
47.7024475524
47.6982517483
47.6982517483
47.6856643357
47.6856643357
47.7256643357
47.7256643357
47.7256643357
47.7214685315
47.8872727273
47.8872727273
47.8830769231
47.8830769231
47.8830769231
47.8788811189
47.8788811189
47.8746853147
48.0504895105
48.0462937063
48.0462937063
48.0462937063
48.0420979021
48.0420979021
48.0779020979
48.0737062937
48.0737062937
48.0695104895
48.0653146853
48.0653146853
48.1311188811
48.1311188811
48.1269230769
48.1269230769
48.1227272727
48.1227272727
48.1185314685
48.1185314685
48.1143356643
48.1743356643
48.1701398601
48.1701398601
48.1701398601
48.1659440559
48.1917482517
48.1917482517
48.1875524476
48.1875524476
48.1833566434
48.1833566434
48.1791608392
48.1791608392
48.174965035
48.114965035
48.1107692308
48.1107692308
48.1107692308
48.1065734266
48.1923776224
48.1923776224
48.1881818182
48.1881818182
48.1797902098
48.1797902098
48.1755944056
48.1755944056
48.1713986014
48.3513986014
48.3472027972
48.3472027972
48.3472027972
48.343006993
48.4188111888
48.4188111888
48.4146153846
48.4146153846
48.4146153846
48.4104195804
48.4104195804
48.5662237762
48.5662237762
48.562027972
48.5578321678
48.5578321678
48.5578321678
48.5536363636
48.5536363636
48.4094405594
48.4052447552
48.4052447552
48.401048951
48.401048951
48.5768531469
48.5768531469
48.5726573427
48.5726573427
48.5642657343
48.5642657343
48.5600699301
48.5600699301
48.5558741259
48.7658741259
48.7616783217
48.7616783217
48.7616783217
48.7574825175
48.8432867133
48.8432867133
48.8390909091
48.8390909091
48.8348951049
48.8348951049
48.8306993007
48.8306993007
48.8265034965
49.0065034965
49.0023076923
49.0023076923
49.0023076923
48.9981118881
48.9639160839
48.9639160839
48.9597202797
48.9597202797
48.9597202797
48.9513286713
48.9471328671
48.9471328671
48.9471328671
48.8129370629
48.8087412587
48.8087412587
48.8087412587
48.8045454545
47.3603496503
47.3603496503
47.3561538462
47.3561538462
47.3561538462
47.351958042
47.351958042
47.4935664336
47.4935664336
47.4935664336
47.4935664336
47.4893706294
47.4893706294
47.4851748252
47.480979021
47.4767832168
47.7367832168
47.7325874126
47.7325874126
47.7325874126
47.7283916084
47.7283916084
47.7841958042
47.78
47.78
47.7758041958
47.7758041958
47.8316083916
47.8316083916
47.8274125874
47.8274125874
47.8232167832
47.8232167832
47.819020979
47.819020979
47.8148251748
48.0348251748
48.0306293706
48.0306293706
48.0306293706
48.0264335664
48.1322377622
48.1322377622
48.128041958
48.128041958
48.1196503497
48.1196503497
48.1154545455
48.1154545455
48.1112587413
47.9912587413
47.9870629371
47.9870629371
47.9870629371
47.9828671329
47.9086713287
47.9086713287
47.9044755245
47.9044755245
47.9044755245
47.9002797203
47.8960839161
47.8960839161
47.8918881119
48.1018881119
48.0976923077
48.0976923077
48.0976923077
48.0893006993
48.0893006993
48.0851048951
47.8951048951
47.8909090909
47.8909090909
47.8909090909
47.8867132867
47.7925174825
47.7925174825
47.7883216783
47.7883216783
47.7883216783
47.7841258741
47.7841258741
47.7799300699
47.7757342657
47.9257342657
47.9215384615
47.9215384615
47.9215384615
47.9173426573
47.9173426573
48.1731468531
48.168951049
48.1647552448
48.1647552448
48.1647552448
48.1605594406
48.1521678322
48.1521678322
48.3921678322
48.3921678322
48.3921678322
48.387972028
48.3037762238
48.3037762238
48.2995804196
48.2995804196
48.2953846154
48.2911888112
48.2911888112
48.446993007
48.446993007
48.4427972028
48.4386013986
48.4386013986
48.4386013986
48.4344055944
48.4344055944
48.4302097902
48.0802097902
48.076013986
48.076013986
48.0718181818
48.0718181818
48.0976223776
48.0976223776
48.0934265734
48.0934265734
48.0892307692
48.0892307692
48.085034965
48.085034965
48.0808391608
48.0208391608
48.0166433566
48.0166433566
48.0166433566
48.0124475524
48.0582517483
48.0540559441
48.0540559441
48.0540559441
48.0456643357
48.0456643357
48.0414685315
48.0414685315
48.0372727273
47.9772727273
47.9730769231
47.9730769231
47.9730769231
47.9688811189
48.0146853147
48.0146853147
48.0104895105
48.0104895105
48.0104895105
48.0062937063
48.0020979021
48.0020979021
48.1879020979
48.1837062937
48.1837062937
48.1837062937
48.1795104895
48.2353146853
48.2353146853
48.2311188811
48.2311188811
48.2269230769
48.2227272727
48.2227272727
48.3727272727
48.3685314685
48.3643356643
48.3601398601
48.3601398601
48.3601398601
48.3559440559
48.3559440559
48.3517482517
48.4817482517
48.4775524476
48.4775524476
48.4733566434
48.4733566434
48.4991608392
48.4991608392
48.494965035
48.494965035
48.4907692308
48.4907692308
48.4865734266
48.4865734266
48.4823776224
48.6223776224
48.6181818182
48.6181818182
48.6181818182
48.613986014
48.7397902098
48.7397902098
48.7355944056
48.7355944056
48.7272027972
48.7272027972
48.723006993
48.723006993
48.7188111888
48.4188111888
48.4146153846
48.4146153846
48.4146153846
48.4104195804
48.3162237762
48.3162237762
48.312027972
48.312027972
48.312027972
48.3078321678
48.3036363636
48.3036363636
48.2994405594
48.1294405594
48.1252447552
48.1252447552
48.1252447552
48.121048951
48.121048951
48.1668531469
48.1626573427
48.1626573427
48.1584615385
48.1584615385
48.2942657343
48.2942657343
48.2900699301
48.2858741259
48.2816783217
48.2816783217
48.2774825175
48.2774825175
48.2732867133
46.9132867133
46.9090909091
46.9090909091
46.9048951049
46.9048951049
46.8606993007
46.8606993007
46.8565034965
46.8565034965
46.8523076923
46.8523076923
46.8481118881
46.8481118881
46.8439160839
46.4939160839
46.4897202797
46.4897202797
46.4897202797
46.4855244755
46.4313286713
46.4313286713
46.4271328671
46.4271328671
46.4229370629
46.4229370629
46.4187412587
46.4187412587
46.4145454545
46.5445454545
46.5403496503
46.5361538462
46.5361538462
46.531958042
46.9977622378
46.9977622378
46.9935664336
46.9935664336
46.9935664336
46.9893706294
46.9851748252
46.9851748252
46.980979021
47.440979021
47.4367832168
47.4367832168
47.4367832168
47.4325874126
47.4325874126
47.6783916084
47.6741958042
47.6741958042
47.6741958042
47.67
47.67
47.9358041958
47.9358041958
47.9316083916
47.9316083916
47.9274125874
47.9274125874
47.9232167832
47.9232167832
47.919020979
48.179020979
48.1748251748
48.1706293706
48.1706293706
48.1664335664
48.3422377622
48.3422377622
48.338041958
48.338041958
48.3338461538
48.3338461538
48.3296503497
48.3296503497
48.3254545455
48.4854545455
48.4812587413
48.4812587413
48.4812587413
48.4770629371
48.6028671329
48.6028671329
48.5986713287
48.5986713287
48.5944755245
48.5944755245
48.5902797203
48.5902797203
48.5860839161
48.5660839161
48.5618881119
48.5618881119
48.5576923077
48.5534965035
48.5451048951
48.5451048951
48.5251048951
48.5251048951
48.5251048951
48.5251048951
48.5209090909
48.4367132867
48.4367132867
48.4325174825
48.4325174825
48.4325174825
48.4283216783
48.4283216783
48.4241258741
48.4199300699
48.2999300699
48.2957342657
48.2915384615
48.2915384615
48.2873426573
48.2873426573
48.2831468531
48.4531468531
48.448951049
48.448951049
48.4447552448
48.4447552448
48.5905594406
48.5905594406
48.5863636364
48.5821678322
48.5821678322
48.577972028
48.577972028
48.5737762238
48.5537762238
48.5495804196
48.5495804196
48.5495804196
48.5453846154
48.6411888112
48.6411888112
48.636993007
48.636993007
48.6327972028
48.6327972028
48.6286013986
48.6286013986
48.6244055944
48.6644055944
48.6602097902
48.656013986
48.656013986
48.6518181818
48.4576223776
48.4576223776
48.4534265734
48.4534265734
48.4492307692
48.4492307692
48.445034965
48.445034965
48.4408391608
48.3308391608
48.3266433566
48.3266433566
48.3266433566
48.3224475524
48.3382517483
48.3382517483
48.3340559441
48.3340559441
48.3340559441
48.3298601399
48.3256643357
48.0214685315
48.0214685315
48.0172727273
48.0172727273
48.0172727273
48.0988811189
48.0988811189
48.0988811189
48.0988811189
48.0946853147
48.0946853147
48.0946853147
48.0904895105
48.0779020979
48.0779020979
48.2479020979
48.2479020979
48.2479020979
48.2437062937
48.2437062937
48.2395104895
48.2395104895
48.3353146853
48.3311188811
48.3311188811
48.3311188811
48.3269230769
48.3427272727
48.3427272727
48.3385314685
48.3385314685
48.3385314685
48.3343356643
48.3343356643
48.3301398601
48.3175524476
48.3175524476
48.2075524476
48.2075524476
48.2075524476
48.2033566434
48.2033566434
48.1991608392
48.2091608392
48.204965035
48.204965035
48.204965035
48.2007692308
48.2007692308
48.2465734266
48.2423776224
48.2381818182
48.2381818182
48.2381818182
48.233986014
48.2497902098
48.2497902098
48.2455944056
48.2455944056
48.2455944056
48.2413986014
48.2413986014
48.2372027972
48.233006993
48.373006993
48.3688111888
48.3688111888
48.3688111888
48.3646153846
48.3646153846
48.3562237762
48.4562237762
48.4562237762
48.452027972
48.452027972
48.4478321678
48.4478321678
48.5336363636
48.5294405594
48.5294405594
48.5294405594
48.5252447552
48.5252447552
48.431048951
48.431048951
48.4268531469
48.4268531469
48.4226573427
48.4226573427
48.4184615385
48.4184615385
48.3642657343
48.3600699301
48.3600699301
48.3558741259
48.3558741259
48.3016783217
48.2974825175
48.2974825175
48.2974825175
48.2890909091
48.2890909091
48.2848951049
48.2848951049
48.2806993007
48.2906993007
48.2865034965
48.2865034965
48.2865034965
48.2823076923
48.2181118881
48.2181118881
48.2139160839
48.2139160839
48.2097202797
48.2097202797
48.2055244755
48.2055244755
48.2013286713
48.2513286713
48.2471328671
48.2471328671
48.2471328671
48.2429370629
48.2387412587
48.2387412587
48.2345454545
48.2345454545
48.2303496503
48.2261538462
48.2261538462
48.221958042
48.2177622378
48.0777622378
48.0735664336
48.0735664336
48.0735664336
48.0693706294
48.0693706294
48.0651748252
48.0251748252
48.020979021
48.020979021
48.0167832168
48.0167832168
47.7625874126
47.7625874126
47.7583916084
47.7583916084
47.7541958042
47.7541958042
47.75
47.75
