96.47
96.47
96.47
96.47
96.47
96.47
96.47
96.59
96.59
96.59
96.59
96.59
96.59
96.75
96.75
96.75
96.75
96.75
96.75
96.75
96.75
96.85
96.85
96.85
96.85
96.85
96.85
97.0
97.0
97.0
97.0
97.0
97.0
97.0
97.0
97.0
97.0
97.22
97.22
97.22
97.22
97.22
97.34
97.34
97.34
97.34
97.34
97.34
97.62
97.62
97.62
97.62
97.62
97.62
97.62
97.79
97.79
97.79
97.79
97.79
97.79
97.79
97.9
97.9
97.9
97.9
97.9
97.9
98.04
98.04
98.04
98.04
98.04
98.04
98.04
98.04
98.15
98.15
98.15
98.15
98.15
98.15
98.27
98.27
98.27
98.27
98.27
98.27
98.27
98.27
98.19
98.19
98.19
98.19
98.19
98.19
97.95
97.95
97.95
97.95
97.95
97.6
97.6
97.6
97.6
97.6
97.6
97.6
97.6
97.6
97.6
97.0
97.0
97.0
97.0
97.0
96.34
96.34
96.34
96.34
96.34
96.34
96.34
96.34
95.66
95.66
95.66
95.66
95.66
95.66
95.66
94.88
94.88
94.88
94.88
94.88
94.88
94.06
94.06
94.06
94.06
94.06
94.06
94.06
93.11
93.11
93.11
93.11
93.11
93.11
93.11
93.11
92.27
92.27
92.27
92.27
92.27
92.27
91.44
91.44
91.44
91.44
91.44
91.44
91.44
91.44
90.43
90.43
90.43
90.43
90.43
90.43
89.3
89.3
89.3
89.3
89.3
89.3
89.3
89.3
88.2
88.2
88.2
88.2
88.2
88.2
87.2
87.2
87.2
87.2
87.2
87.2
87.2
87.2
86.25
86.25
86.25
86.25
86.25
86.25
85.2
85.2
85.2
85.2
85.2
85.2
84.18
84.18
84.18
84.18
84.18
84.18
84.18
84.18
83.2
83.2
83.2
83.2
83.2
83.2
82.2
82.2
82.2
82.2
82.2
82.2
82.2
82.2
81.18
81.18
81.18
81.18
81.18
81.18
80.15
80.15
80.15
80.15
80.15
80.15
80.15
80.15
79.13
79.13
79.13
79.13
79.13
79.13
78.07
78.07
78.07
78.07
78.07
78.07
78.07
77.08
77.08
77.08
77.08
77.08
77.08
77.08
77.08
76.1
76.1
76.1
76.1
76.1
76.1
75.18
75.18
75.18
75.18
75.18
75.18
74.24
74.24
74.24
74.24
74.24
74.24
74.24
74.24
73.24
73.24
73.24
73.24
73.24
73.24
72.18
72.18
72.18
72.18
72.18
72.18
72.18
72.18
71.3
71.3
71.3
71.3
71.3
71.3
70.41
70.41
70.41
70.41
70.41
70.41
70.41
70.41
70.41
70.41
69.44
69.44
69.44
69.44
69.44
68.57
68.57
68.57
68.57
68.57
68.57
67.72
67.72
67.72
67.72
67.72
67.72
67.72
67.72
66.82
66.82
66.82
66.82
66.82
66.82
65.97
65.97
65.97
65.97
65.97
65.13
65.13
65.13
65.13
65.13
65.13
65.13
65.13
64.32
64.32
64.32
64.32
64.32
64.32
64.32
64.32
63.53
63.53
63.53
63.53
63.53
63.53
63.53
62.79
62.79
62.79
62.79
62.79
62.79
62.09
62.09
62.09
62.09
62.09
62.09
62.09
62.09
61.33
61.33
61.33
61.33
61.33
61.33
60.61
60.61
60.61
60.61
60.61
60.61
60.61
60.61
59.9
59.9
59.9
59.9
59.9
59.9
59.19
59.19
59.19
59.19
59.19
59.19
59.19
58.49
58.49
58.49
58.49
58.49
58.49
57.83
57.83
57.83
57.83
57.83
57.83
57.83
57.83
57.12
57.12
57.12
57.12
57.12
57.12
57.12
56.35
56.35
56.35
56.35
56.35
56.35
55.61
55.61
55.61
55.61
55.61
55.61
55.61
55.61
54.96
54.96
54.96
54.96
54.96
54.96
54.34
54.34
54.34
54.34
54.34
54.34
54.34
54.34
53.68
53.68
53.68
53.68
53.68
53.68
53.0
53.0
53.0
53.0
53.0
53.0
53.0
53.0
52.38
52.38
52.38
52.38
52.38
52.38
51.86
51.86
51.86
51.86
51.86
51.86
51.86
51.34
51.34
51.34
51.34
51.34
51.34
51.34
50.72
50.72
50.72
50.72
50.72
50.72
50.16
50.16
50.16
50.16
50.16
50.16
50.16
50.16
49.56
49.56
49.56
49.56
49.56
49.56
49.14
49.14
49.14
49.14
49.14
49.14
49.14
49.14
48.7
48.7
48.7
48.7
48.7
48.7
48.2
48.2
48.2
48.2
48.2
48.2
48.2
48.2
47.74
47.74
47.74
47.74
47.74
47.74
47.31
47.31
47.31
47.31
47.31
47.31
47.31
46.93
46.93
46.93
46.93
46.93
46.93
46.93
46.93
46.58
46.58
46.58
46.58
46.58
46.58
46.19
46.19
46.19
46.19
46.19
46.19
46.19
46.19
45.81
45.81
45.81
45.81
45.81
45.81
45.48
45.48
45.48
45.48
45.48
45.48
45.48
45.48
45.21
45.21
45.21
45.21
44.83
44.83
44.83
44.83
44.83
44.83
44.83
44.83
44.83
44.5
44.5
44.5
44.5
44.5
44.5
44.5
44.5
44.18
44.18
44.18
44.18
44.18
44.18
44.18
43.8
43.8
43.8
43.8
43.8
43.8
43.43
43.43
43.43
43.43
43.43
43.43
43.43
43.0
43.0
43.0
43.0
43.0
43.0
42.62
42.62
42.62
42.62
42.62
42.62
42.62
42.62
42.27
42.27
42.27
42.27
42.27
42.27
41.84
41.84
41.84
41.84
41.84
41.84
41.84
41.84
41.58
41.58
41.58
41.58
41.58
41.58
41.58
41.33
41.33
41.33
41.33
41.33
41.33
41.05
41.05
41.05
41.05
41.05
41.05
41.05
40.74
40.74
40.74
40.74
40.49
40.49
40.49
40.49
40.49
40.49
40.49
40.49
40.49
40.49
40.15
40.15
40.15
40.15
40.15
40.15
39.87
39.87
39.87
39.87
39.87
39.87
39.59
39.59
39.59
39.59
39.59
39.59
39.59
39.59
39.59
39.28
39.28
39.28
39.28
39.28
39.28
39.28
39.07
39.07
39.07
39.07
39.07
39.07
38.82
38.82
38.82
38.82
38.82
38.82
38.82
38.82
38.55
38.55
38.55
38.55
38.55
38.55
38.55
38.55
38.31
38.31
38.31
38.31
38.31
38.03
38.03
38.03
38.03
38.03
38.03
38.03
37.78
37.78
37.78
37.78
37.78
37.78
37.78
37.51
37.51
37.51
37.51
37.51
37.51
37.3
37.3
37.3
37.3
37.3
37.3
37.3
37.3
37.25
37.25
37.25
37.25
37.25
37.25
37.05
37.05
37.05
37.05
37.05
37.05
37.05
37.05
36.73
36.73
36.73
36.73
36.73
36.73
36.49
36.49
36.49
36.49
36.49
36.49
36.49
36.49
36.29
36.29
36.29
36.29
36.29
36.29
36.29
36.06
36.06
36.06
36.06
36.06
36.06
35.82
35.82
35.82
35.82
35.82
35.82
