20.59
20.59
20.61
20.61
20.61
20.61
20.61
20.61
20.61
20.61
20.61
20.63
20.63
20.63
20.63
20.63
20.63
20.65
20.65
20.65
20.65
20.65
20.68
20.68
20.68
20.68
20.68
20.68
20.68
20.7
20.7
20.7
20.7
20.7
20.7
20.7
20.7
20.7
20.72
20.72
20.72
20.72
20.72
20.74
20.74
20.74
20.74
20.74
20.74
20.74
20.74
20.74
20.74
20.74
20.74
20.74
20.74
20.71
20.71
20.71
20.71
20.71
20.71
20.71
20.71
20.71
20.69
20.69
20.69
20.69
20.69
20.66
20.66
20.66
20.66
20.66
20.66
20.66
20.66
20.66
20.64
20.64
20.64
20.64
20.61
20.61
20.61
20.61
20.61
20.61
20.61
20.58
20.58
20.58
20.58
20.58
20.58
20.58
20.58
20.58
20.58
20.58
20.57
20.57
20.57
20.57
20.57
20.58
20.58
20.58
20.58
20.58
20.58
20.58
20.58
20.58
20.6
20.6
20.6
20.62
20.62
20.62
20.62
20.62
20.62
20.62
20.62
20.62
20.64
20.64
20.64
20.64
20.64
20.64
20.66
20.66
20.66
20.66
20.66
20.66
20.68
20.68
20.68
20.68
20.68
20.68
20.68
20.68
20.68
20.67
20.67
20.67
20.67
20.67
20.67
20.66
20.66
20.66
20.66
20.66
20.67
20.67
20.67
20.67
20.67
20.67
20.67
20.67
20.67
20.68
20.68
20.68
20.68
20.68
20.69
20.69
20.69
20.69
20.69
20.69
20.69
20.69
20.69
20.71
20.71
20.71
20.71
20.71
20.72
20.72
20.72
20.72
20.72
20.72
20.72
20.72
20.72
20.74
20.74
20.74
20.74
20.74
20.75
20.75
20.75
20.75
20.75
20.75
20.75
20.75
20.75
20.75
20.75
20.75
20.75
20.75
20.75
20.75
20.75
20.75
20.75
20.75
20.75
20.75
20.75
20.75
20.75
20.75
20.75
20.75
20.75
20.76
20.76
20.76
20.76
20.76
20.77
20.77
20.77
20.77
20.77
20.77
20.77
20.77
20.77
20.79
20.79
20.79
20.79
20.79
20.79
20.79
20.79
20.79
20.79
20.79
20.79
20.79
20.79
20.79
20.79
20.79
20.79
20.79
20.78
20.78
20.78
20.78
20.78
20.78
20.78
20.77
20.77
20.77
20.77
20.77
20.77
20.77
20.77
20.77
20.75
20.75
20.75
20.75
20.75
20.75
20.75
20.75
20.75
20.75
20.75
20.75
20.75
20.76
20.76
20.76
20.76
20.76
20.76
20.76
20.76
20.76
20.76
20.76
20.76
20.76
20.76
20.78
20.78
20.78
20.78
20.78
20.81
20.81
20.81
20.81
20.81
20.81
20.81
20.81
20.81
20.84
20.84
20.84
20.84
20.84
20.84
20.87
20.87
20.87
20.87
20.87
20.87
20.9
20.9
20.9
20.9
20.9
20.9
20.9
20.9
20.9
20.9
20.9
20.9
20.9
20.9
20.88
20.88
20.88
20.88
20.88
20.88
20.88
20.88
20.88
20.85
20.85
20.85
20.85
20.82
20.82
20.82
20.82
20.82
20.82
20.82
20.82
20.82
20.8
20.8
20.8
20.8
20.8
20.79
20.79
20.79
20.79
20.79
20.79
20.79
20.79
20.79
20.78
20.78
20.78
20.78
20.78
20.78
20.77
20.77
20.77
20.77
20.77
20.77
20.78
20.78
20.78
20.78
20.78
20.78
20.78
20.78
20.78
20.79
20.79
20.79
20.79
20.79
20.81
20.81
20.81
20.81
20.81
20.81
20.81
20.81
20.81
20.83
20.83
20.83
20.83
20.83
20.86
20.86
20.86
20.86
20.86
20.86
20.86
20.86
20.86
20.87
20.87
20.87
20.87
20.87
20.88
20.88
20.88
20.88
20.88
20.88
20.88
20.88
20.88
20.88
20.88
20.88
20.88
20.88
20.88
20.88
20.9
20.9
20.9
20.9
20.9
20.92
20.92
20.92
20.92
20.92
20.92
20.92
20.94
20.94
20.94
20.94
20.94
20.94
20.94
20.94
20.94
20.95
20.95
20.95
20.95
20.95
20.96
20.96
20.96
20.96
20.96
20.96
20.96
20.96
20.96
20.97
20.97
20.97
20.97
20.97
20.98
20.98
20.98
20.98
20.98
20.98
20.98
20.98
20.98
20.99
20.99
20.99
20.99
20.99
21.01
21.01
21.01
21.01
21.01
21.01
21.01
21.01
21.01
21.04
21.04
21.04
21.04
21.04
21.04
21.07
21.07
21.07
21.07
21.07
21.07
21.1
21.1
21.1
21.1
21.1
21.1
21.1
21.1
21.1
21.1
21.1
21.1
21.1
21.1
21.1
21.1
21.1
21.1
21.1
21.1
21.1
21.1
21.1
21.1
21.1
21.1
21.1
21.1
21.1
21.1
21.1
21.1
21.1
21.1
21.1
21.1
21.1
21.09
21.09
21.09
21.09
21.09
21.09
21.09
21.09
21.09
21.09
21.09
21.09
21.09
21.09
21.11
21.11
21.11
21.11
21.11
21.11
21.11
21.12
21.12
21.12
21.12
21.12
21.13
21.13
21.13
21.13
21.13
21.13
21.13
21.13
21.13
21.13
21.13
21.13
21.13
21.13
21.13
21.13
21.13
21.13
21.13
21.13
21.13
21.13
21.13
21.13
21.13
21.13
21.13
21.13
21.13
21.13
21.13
21.13
21.13
21.13
21.13
21.11
21.11
21.11
21.11
21.11
21.11
21.11
21.11
21.11
21.09
21.09
21.09
21.09
21.09
21.09
21.06
21.06
21.06
21.06
21.06
21.03
21.03
21.03
21.03
21.03
21.03
21.03
21.03
21.03
21.01
21.01
21.01
21.01
21.01
20.98
20.98
20.98
20.98
20.98
20.98
20.98
20.98
20.98
20.95
20.95
20.95
20.95
20.95
20.94
20.94
20.94
20.94
20.94
20.94
20.94
20.94
20.94
20.93
20.93
20.93
20.93
20.93
20.93
20.93
20.93
20.93
20.93
20.93
20.93
20.93
20.93
20.93
20.93
20.93
20.93
20.93
20.93
20.93
20.94
20.94
20.94
20.94
20.94
20.97
20.97
20.97
20.97
20.97
20.97
21.0
21.0
21.0
21.0
21.0
21.0
21.0
21.0
21.0
21.03
21.03
21.03
21.03
21.03
21.06
21.06
21.06
21.06
21.06
21.06
21.06
21.06
21.06
21.07
21.07
21.07
21.07
21.07
21.08
21.08
21.08
21.08
21.08
21.08
21.08
21.08
21.08
21.09
21.09
21.09
21.09
21.09
21.11
21.11
21.11
21.11
21.11
21.11
21.11
21.11
21.11
21.13
21.13
21.13
21.13
21.13
21.13
21.13
21.13
21.13
21.13
21.13
21.14
21.14
21.14
21.14
21.14
21.14
21.14
21.14
21.14
21.14
21.14
21.14
21.14
21.14
21.16
21.16
21.16
21.16
21.16
21.16
21.16
21.16
21.16
21.17
21.17
21.17
21.17
21.17
21.19
21.19
21.19
21.19
21.19
21.19
21.19
21.19
21.19
21.22
21.22
21.22
21.22
21.22
21.24
21.24
21.24
21.24
21.24
21.24
21.24
21.24
21.24
21.26
21.26
21.26
21.26
21.26
21.26
21.26
21.27
21.27
21.27
21.27
21.27
21.28
21.28
21.28
21.28
21.28
21.28
21.28
21.28
21.29
21.29
21.29
21.29
21.29
21.28
21.28
21.28
21.28
21.28
21.28
21.28
21.28
21.28
21.28
21.28
21.28
21.28
21.28
21.29
21.29
21.29
21.29
21.29
21.29
21.29
21.29
21.29
21.3
21.3
21.3
21.3
21.3
21.31
21.31
21.31
21.31
21.31
21.31
21.31
21.33
21.33
21.33
21.33
21.33
21.33
21.33
21.33
21.33
21.33
21.33
21.33
21.33
21.33
21.33
21.33
21.33
21.33
21.33
21.33
21.33
21.33
21.33
21.31
21.31
21.31
21.31
21.32
21.32
21.32
21.32
21.32
21.32
21.32
21.32
21.32
21.32
21.32
21.32
21.32
21.32
21.34
21.34
21.34
21.34
21.34
21.34
21.34
21.34
21.34
21.32
21.32
21.32
21.32
21.32
21.29
21.29
21.29
21.29
21.29
21.29
21.29
21.25
21.25
21.25
21.25
21.25
21.25
21.25
21.25
21.25
21.22
21.22
21.22
21.22
21.22
21.22
21.22
21.2
