141.751305087
142.096619375
142.096619375
142.096619375
142.096619375
142.096619375
142.096619375
142.096619375
141.751305087
141.751305087
141.751305087
141.751305087
141.751305087
141.751305087
141.751305087
141.751305087
141.751305087
141.751305087
141.751305087
141.751305087
141.405147537
141.405147537
141.405147537
141.405147537
141.405147537
141.405147537
141.405147537
141.039416659
140.69330714
140.69330714
140.69330714
140.69330714
140.69330714
140.69330714
140.346344078
140.346344078
140.346344078
140.346344078
140.346344078
140.346344078
140.346344078
139.981464276
139.634545615
139.634545615
139.634545615
139.634545615
139.634545615
139.634545615
138.938109624
138.938109624
138.938109624
138.938109624
138.938109624
138.938109624
138.938109624
138.938109624
139.286762894
139.286762894
139.286762894
139.286762894
139.286762894
139.286762894
139.649831868
139.998521129
139.998521129
139.998521129
139.998521129
139.998521129
139.998521129
140.36155285
141.058140517
141.058140517
141.058140517
141.058140517
141.058140517
141.058140517
141.058140517
141.405147537
141.405147537
141.405147537
141.405147537
141.405147537
141.405147537
141.405147537
141.405147537
141.405147537
141.405147537
141.405147537
141.405147537
141.405147537
141.058140517
141.058140517
141.058140517
141.058140517
141.058140517
141.058140517
141.058140517
141.058140517
140.710277742
140.710277742
140.710277742
140.710277742
140.710277742
140.346344078
139.998521129
139.998521129
139.998521129
139.998521129
139.998521129
139.998521129
139.300269788
139.300269788
138.938109624
138.938109624
138.938109624
138.938109624
138.938109624
138.938109624
138.588579235
138.588579235
138.588579235
138.588579235
138.588579235
138.588579235
138.226386099
138.226386099
138.226386099
138.226386099
138.226386099
138.226386099
138.226386099
137.526501166
137.526501166
137.526501166
137.526501166
137.526501166
137.526501166
137.526501166
137.526501166
137.175219619
137.175219619
137.175219619
137.175219619
137.175219619
137.175219619
136.81483657
136.463578387
136.463578387
136.463578387
136.463578387
136.463578387
136.111413727
136.111413727
136.111413727
136.111413727
136.111413727
136.111413727
136.111413727
135.7519367
135.7519367
135.7519367
135.7519367
135.7519367
135.7519367
135.7519367
135.399791005
135.399791005
135.399791005
135.399791005
135.399791005
135.399791005
135.399791005
135.399791005
135.046727064
135.046727064
135.046727064
135.046727064
135.046727064
135.046727064
134.688168018
134.688168018
134.688168018
134.688168018
134.688168018
134.688168018
134.688168018
134.688168018
134.335118478
134.335118478
134.335118478
134.335118478
134.335118478
134.335118478
134.335118478
134.335118478
134.335118478
134.335118478
134.335118478
134.335118478
134.335118478
133.981138631
133.623509776
133.623509776
133.623509776
133.623509776
133.623509776
133.623509776
133.981138631
133.626221084
133.626221084
133.626221084
133.626221084
133.626221084
133.626221084
133.626221084
133.626221084
133.626221084
133.626221084
133.626221084
133.626221084
133.626221084
133.981138631
133.981138631
133.981138631
133.981138631
133.981138631
133.981138631
133.981138631
133.981138631
133.981138631
133.981138631
133.981138631
133.981138631
133.981138631
134.337815463
135.046727064
135.046727064
135.046727064
135.046727064
135.046727064
135.046727064
135.046727064
135.399791005
135.399791005
135.399791005
135.399791005
135.399791005
135.399791005
135.399791005
135.046727064
135.046727064
135.046727064
135.046727064
135.046727064
135.046727064
135.046727064
134.337815463
134.337815463
134.337815463
134.337815463
134.337815463
134.337815463
133.981953075
133.626221084
133.626221084
133.626221084
133.626221084
133.626221084
133.626221084
133.269539592
132.91462674
132.91462674
132.91462674
132.91462674
132.91462674
132.91462674
132.91462674
132.91462674
132.91462674
132.91462674
132.91462674
132.91462674
132.91462674
132.91462674
132.558763646
132.558763646
132.558763646
132.558763646
132.558763646
132.558763646
132.558763646
132.558763646
132.558763646
132.558763646
132.558763646
132.558763646
132.558763646
131.844155941
131.844155941
131.844155941
131.844155941
131.844155941
131.844155941
131.490342428
131.132544914
131.132544914
131.132544914
131.132544914
131.132544914
131.132544914
131.132544914
130.773768469
130.773768469
130.773768469
130.773768469
130.773768469
130.773768469
130.773768469
130.773768469
130.773768469
130.773768469
130.773768469
130.773768469
130.773768469
131.132544914
131.132544914
131.132544914
131.132544914
131.132544914
131.132544914
131.132544914
131.132544914
130.773768469
130.773768469
130.773768469
130.773768469
130.773768469
130.773768469
130.773768469
130.773768469
130.773768469
130.773768469
130.773768469
130.773768469
130.773768469
131.125653829
131.485395668
131.485395668
131.485395668
131.485395668
131.485395668
131.485395668
131.485395668
131.844155941
131.844155941
131.844155941
131.844155941
131.844155941
131.844155941
131.485395668
131.485395668
131.485395668
131.485395668
131.485395668
131.485395668
131.132544914
130.773768469
130.773768469
130.773768469
130.773768469
130.773768469
130.773768469
130.773768469
130.773768469
130.773768469
130.773768469
130.773768469
130.773768469
130.773768469
131.125653829
131.125653829
131.125653829
131.125653829
131.125653829
131.125653829
131.125653829
131.485395668
131.485395668
131.485395668
131.485395668
131.485395668
131.485395668
131.485395668
131.837302092
132.197022548
132.197022548
132.197022548
132.197022548
132.197022548
132.197022548
131.837302092
131.837302092
131.837302092
131.837302092
131.837302092
131.837302092
131.837302092
131.837302092
131.837302092
131.837302092
131.837302092
131.837302092
131.837302092
131.837302092
131.837302092
131.476597443
131.476597443
131.476597443
131.476597443
131.476597443
131.476597443
131.125653829
130.764922324
130.764922324
130.764922324
130.764922324
130.764922324
130.764922324
130.764922324
130.403192938
130.403192938
130.403192938
130.403192938
130.403192938
130.403192938
130.403192938
130.764922324
130.764922324
130.764922324
130.764922324
130.764922324
130.764922324
130.764922324
130.403192938
130.403192938
130.403192938
130.403192938
130.403192938
130.403192938
130.764922324
130.764922324
130.764922324
130.764922324
130.764922324
130.764922324
130.764922324
130.403192938
130.053246356
130.053246356
130.053246356
130.053246356
130.053246356
130.053246356
130.403192938
130.403192938
130.403192938
130.403192938
130.403192938
130.403192938
130.403192938
130.040457346
130.040457346
130.040457346
130.040457346
130.040457346
130.040457346
130.040457346
129.691484191
129.328710098
129.328710098
129.328710098
129.328710098
129.328710098
129.328710098
128.964915537
128.964915537
128.964915537
128.964915537
128.964915537
128.964915537
128.964915537
128.964915537
129.328710098
129.328710098
129.328710098
129.328710098
129.328710098
129.328710098
129.328710098
129.328710098
129.328710098
129.328710098
129.328710098
129.328710098
129.328710098
129.676707102
130.040457346
130.040457346
130.040457346
130.040457346
130.040457346
130.040457346
129.691484191
129.328710098
129.328710098
129.328710098
129.328710098
129.328710098
129.328710098
128.600091849
128.600091849
128.253121818
128.253121818
128.253121818
128.253121818
128.253121818
128.600091849
128.964915537
128.964915537
128.964915537
128.964915537
128.964915537
128.964915537
128.964915537
128.964915537
128.964915537
128.964915537
128.964915537
128.964915537
128.964915537
128.616961192
127.888247332
127.888247332
127.888247332
127.888247332
127.888247332
127.888247332
127.888247332
127.155357359
127.155357359
127.155357359
127.155357359
127.155357359
127.155357359
127.155357359
127.52232885
127.52232885
127.52232885
127.52232885
127.52232885
127.52232885
127.52232885
127.52232885
127.52232885
127.52232885
127.52232885
127.52232885
127.52232885
127.52232885
127.155357359
127.155357359
127.155357359
127.155357359
127.155357359
127.155357359
126.810424039
126.443388757
126.443388757
126.443388757
126.443388757
126.443388757
126.443388757
126.443388757
126.075284952
126.075284952
126.075284952
126.075284952
126.075284952
126.075284952
125.706103237
125.363241177
125.363241177
125.363241177
125.363241177
125.363241177
125.363241177
125.019438873
124.651192303
124.651192303
124.651192303
124.651192303
124.651192303
124.651192303
124.651192303
124.281854626
124.281854626
124.281854626
124.281854626
124.651192303
124.651192303
124.651192303
124.993981933
124.993981933
124.993981933
124.993981933
124.993981933
124.993981933
125.731415953
125.731415953
125.731415953
125.731415953
125.731415953
125.731415953
125.731415953
126.075284952
126.075284952
126.075284952
126.075284952
126.075284952
126.075284952
126.810424039
126.810424039
126.810424039
126.810424039
126.810424039
126.810424039
126.810424039
126.443388757
126.443388757
126.443388757
126.443388757
126.443388757
126.443388757
126.443388757
126.787323715
127.155357359
127.155357359
127.155357359
127.155357359
127.155357359
127.155357359
127.155357359
127.155357359
127.155357359
127.155357359
127.155357359
127.155357359
127.155357359
126.810424039
126.075284952
126.075284952
126.075284952
126.075284952
126.075284952
126.075284952
126.075284952
125.706103237
125.706103237
125.706103237
125.706103237
125.706103237
125.706103237
125.706103237
126.075284952
126.075284952
126.075284952
126.075284952
126.075284952
126.075284952
126.075284952
126.075284952
126.075284952
126.075284952
126.075284952
126.075284952
126.075284952
125.706103237
125.706103237
125.706103237
125.706103237
125.706103237
125.706103237
125.706103237
125.706103237
126.075284952
126.075284952
126.075284952
126.075284952
126.075284952
126.075284952
126.075284952
125.706103237
125.706103237
125.706103237
125.706103237
125.706103237
124.591994675
124.591994675
124.252171334
124.252171334
124.252171334
124.252171334
124.252171334
124.591994675
125.335834088
125.335834088
125.335834088
125.335834088
125.335834088
125.335834088
126.075284952
126.075284952
126.418218641
126.418218641
126.418218641
126.418218641
126.418218641
126.418218641
126.418218641
126.418218641
126.418218641
126.418218641
126.418218641
126.418218641
126.418218641
126.418218641
126.418218641
126.418218641
126.418218641
126.418218641
126.418218641
126.075284952
125.335834088
125.335834088
125.335834088
125.335834088
125.335834088
125.335834088
125.335834088
125.335834088
125.335834088
125.335834088
125.335834088
125.335834088
125.335834088
124.993981933
124.252171334
124.252171334
124.252171334
124.252171334
124.252171334
124.252171334
124.252171334
124.623628579
124.623628579
124.623628579
124.623628579
124.623628579
124.623628579
123.879600267
123.879600267
123.539866772
123.539866772
123.539866772
123.539866772
123.539866772
123.167196642
123.167196642
123.167196642
123.167196642
123.167196642
123.167196642
122.793395487
122.793395487
122.45478364
122.45478364
122.45478364
122.45478364
122.45478364
122.45478364
122.080875031
122.080875031
122.080875031
122.080875031
122.080875031
122.080875031
122.418452946
123.539866772
123.539866772
123.539866772
123.539866772
123.539866772
123.539866772
123.539866772
123.539866772
123.539866772
123.539866772
123.539866772
123.539866772
123.539866772
123.539866772
123.167196642
123.167196642
123.167196642
123.167196642
123.167196642
123.167196642
123.539866772
123.539866772
123.539866772
123.539866772
123.539866772
123.539866772
123.539866772
123.879600267
124.623628579
124.623628579
124.623628579
124.623628579
124.623628579
124.623628579
124.252171334
124.252171334
124.252171334
124.252171334
124.252171334
124.252171334
124.252171334
124.252171334
123.879600267
123.879600267
123.879600267
123.879600267
123.879600267
123.879600267
123.879600267
123.879600267
123.879600267
123.879600267
123.879600267
123.879600267
123.539866772
123.167196642
123.167196642
123.167196642
123.167196642
123.167196642
123.167196642
123.167196642
123.167196642
123.167196642
123.167196642
123.167196642
123.167196642
123.167196642
123.167196642
123.539866772
123.539866772
123.539866772
123.539866772
123.539866772
123.539866772
123.879600267
123.879600267
123.879600267
123.879600267
123.879600267
123.879600267
123.879600267
123.879600267
123.879600267
123.879600267
123.879600267
123.879600267
123.879600267
123.879600267
123.879600267
123.879600267
123.879600267
123.879600267
123.879600267
123.879600267
123.879600267
123.505905297
123.505905297
123.167196642
123.167196642
123.167196642
123.167196642
123.167196642
123.167196642
122.793395487
122.793395487
122.793395487
122.793395487
122.793395487
122.793395487
122.418452946
122.418452946
122.418452946
122.418452946
122.418452946
122.418452946
122.080875031
121.705817693
121.705817693
121.705817693
121.705817693
121.705817693
121.705817693
121.705817693
121.705817693
121.705817693
121.705817693
121.705817693
121.705817693
121.705817693
122.0423585
122.793395487
122.793395487
122.793395487
122.793395487
122.793395487
122.793395487
123.131076192
123.131076192
123.131076192
123.131076192
123.131076192
123.131076192
123.131076192
123.505905297
123.505905297
123.505905297
123.505905297
123.843687638
123.843687638
123.843687638
123.843687638
124.218404645
124.218404645
124.218404645
124.218404645
124.218404645
124.218404645
123.879600267
123.131076192
123.131076192
123.131076192
123.131076192
123.131076192
123.131076192
122.37797386
122.37797386
122.0423585
122.0423585
122.0423585
