18.21
18.21
18.21
18.21
18.21
18.21
18.17
18.17
18.17
18.17
18.17
18.17
18.17
18.13
18.13
18.13
18.13
18.13
18.11
18.11
18.11
18.11
18.11
18.11
18.11
18.11
18.17
18.17
18.17
18.17
18.17
18.17
18.33
18.33
18.33
18.33
18.33
18.33
18.33
18.33
18.55
18.55
18.55
18.55
18.55
18.55
18.55
18.82
18.82
18.82
18.82
18.82
18.82
19.17
19.17
19.17
19.17
19.17
19.17
19.17
19.17
19.54
19.54
19.54
19.54
19.54
19.54
19.95
19.95
19.95
19.95
19.95
19.95
19.95
19.95
20.37
20.37
20.37
20.37
20.37
20.37
20.79
20.79
20.79
20.79
20.79
20.79
20.79
21.18
21.18
21.18
21.18
21.18
21.18
21.61
21.61
21.61
21.61
21.61
22.05
22.05
22.05
22.05
22.05
22.05
22.05
22.05
22.05
22.5
22.5
22.5
22.5
22.5
22.98
22.98
22.98
22.98
22.98
22.98
22.98
22.98
22.98
22.98
23.46
23.46
23.46
23.46
23.46
23.46
23.9
23.9
23.9
23.9
23.9
23.9
23.9
23.9
24.34
24.34
24.34
24.34
24.34
24.8
24.8
24.8
24.8
24.8
24.8
24.8
24.8
25.26
25.26
25.26
25.26
25.26
25.26
25.26
25.73
25.73
25.73
25.73
25.73
25.73
25.73
26.18
26.18
26.18
26.18
26.18
26.18
26.65
26.65
26.65
26.65
26.65
26.65
26.65
26.65
27.13
27.13
27.13
27.13
27.13
27.13
27.57
27.57
27.57
27.57
27.57
27.57
27.57
27.57
28.05
28.05
28.05
28.05
28.05
28.05
28.48
28.48
28.48
28.48
28.48
28.48
28.48
28.48
28.87
28.87
28.87
28.87
28.87
28.87
29.31
29.31
29.31
29.31
29.31
29.31
29.31
29.71
29.71
29.71
29.71
29.71
29.71
29.71
30.13
30.13
30.13
30.13
30.13
30.13
30.58
30.58
30.58
30.58
30.58
30.58
30.58
30.58
31.02
31.02
31.02
31.02
31.02
31.02
31.4
31.4
31.4
31.4
31.4
31.4
31.4
31.4
31.74
31.74
31.74
31.74
31.74
31.74
32.09
32.09
32.09
32.09
32.09
32.09
32.09
32.09
32.4
32.4
32.4
32.4
32.4
32.4
32.78
32.78
32.78
32.78
32.78
32.78
32.78
33.12
33.12
33.12
33.12
33.12
33.12
33.12
33.46
33.46
33.46
33.46
33.46
33.46
33.79
33.79
33.79
33.79
33.79
33.79
33.79
33.79
34.1
34.1
34.1
34.1
34.1
34.1
34.4
34.4
34.4
34.4
34.4
34.4
34.4
34.4
34.78
34.78
34.78
34.78
34.78
34.78
35.13
35.13
35.13
35.13
35.13
35.13
35.13
35.13
35.4
35.4
35.4
35.4
35.4
35.4
35.7
35.7
35.7
35.7
35.7
35.7
35.7
36.01
36.01
36.01
36.01
36.01
36.01
36.01
36.01
36.36
36.36
36.36
36.36
36.36
36.36
36.62
36.62
36.62
36.62
36.62
36.62
36.62
36.87
36.87
36.87
36.87
36.87
36.87
37.1
37.1
37.1
37.1
37.1
37.1
37.1
37.1
37.36
37.36
37.36
37.36
37.36
37.36
37.65
37.65
37.65
37.65
37.65
37.65
37.65
37.65
37.94
37.94
37.94
37.94
37.94
37.94
38.16
38.16
38.16
38.16
38.16
38.16
38.16
38.4
38.4
38.4
38.4
38.4
38.4
38.4
38.4
38.64
38.64
38.64
38.64
38.64
38.64
38.86
38.86
38.86
38.86
38.86
38.86
38.86
38.86
39.09
39.09
39.09
39.09
39.09
39.09
39.32
39.32
39.32
39.32
39.32
39.32
39.32
39.32
39.49
39.49
39.49
39.49
39.49
39.49
39.72
39.72
39.72
39.72
39.72
39.72
39.72
39.9
39.9
39.9
39.9
39.9
39.9
39.9
39.9
40.1
40.1
40.1
40.1
40.1
40.1
40.29
40.29
40.29
40.29
40.29
40.29
40.29
40.29
40.41
40.41
40.41
40.41
40.41
40.41
40.41
40.53
40.53
40.53
40.53
40.53
40.53
40.74
40.74
40.74
40.74
40.74
40.74
40.74
40.74
40.97
40.97
40.97
40.97
40.97
40.97
41.19
41.19
41.19
41.19
41.19
41.19
41.19
41.19
41.34
41.34
41.34
41.34
41.34
41.34
41.46
41.46
41.46
41.46
41.46
41.46
41.46
41.46
41.62
41.62
41.62
41.62
41.62
41.62
41.62
41.83
41.83
41.83
41.83
41.83
41.83
42.01
42.01
42.01
42.01
42.01
42.01
42.01
42.01
42.15
42.15
42.15
42.15
42.15
42.15
42.35
42.35
42.35
42.35
42.35
42.35
42.35
42.35
42.5
42.5
42.5
42.5
42.5
42.5
42.63
42.63
42.63
42.63
42.63
42.63
42.63
42.63
42.75
42.75
42.75
42.75
42.75
42.75
42.75
42.91
42.91
42.91
42.91
42.91
42.91
43.01
43.01
43.01
43.01
43.01
43.01
43.15
43.15
43.15
43.15
43.15
43.15
43.15
43.15
43.15
43.32
43.32
43.32
43.32
43.32
43.32
43.32
43.47
43.47
43.47
43.47
43.47
43.47
43.66
43.66
43.66
43.66
43.66
43.66
43.66
43.66
43.77
43.77
43.77
43.77
43.77
43.77
43.77
43.77
43.92
43.92
43.92
43.92
43.92
44.02
44.02
44.02
44.02
44.02
44.02
44.02
44.17
44.17
44.17
44.17
44.17
44.17
44.17
44.23
44.23
44.23
44.23
44.23
44.23
44.3
44.3
44.3
44.3
44.3
44.3
44.3
44.3
44.42
44.42
44.42
44.42
44.42
44.42
44.56
44.56
44.56
44.56
44.56
44.56
44.56
44.56
44.7
44.7
44.7
44.7
44.7
44.7
44.79
44.79
44.79
44.79
44.89
44.89
44.89
44.89
44.89
44.89
44.89
44.89
44.89
44.89
44.89
44.9
44.9
44.9
44.9
44.9
44.9
44.9
44.9
44.9
44.9
44.9
44.9
44.9
45.04
45.04
45.04
45.04
45.04
45.04
45.04
45.23
45.23
45.23
45.23
45.23
45.23
45.32
45.32
45.32
45.32
45.32
45.32
45.32
45.32
45.43
45.43
45.43
45.43
45.43
45.43
45.5
45.5
45.5
45.5
45.5
45.5
45.5
45.5
45.59
45.59
45.59
45.59
45.59
45.59
45.68
45.68
45.68
45.68
45.68
45.68
45.68
45.68
45.84
45.84
45.84
45.84
45.84
45.84
45.89
45.89
45.89
45.89
45.89
45.89
45.89
45.97
45.97
45.97
45.97
45.97
45.97
45.97
46.08
46.08
46.08
46.08
46.08
46.08
46.18
46.18
46.18
46.18
46.18
46.18
46.18
46.18
46.27
46.27
46.27
46.27
46.27
46.27
46.37
46.37
46.37
46.37
46.37
46.37
46.37
46.37
46.45
46.45
46.45
46.45
46.45
46.45
46.53
46.53
46.53
46.53
46.53
46.53
46.53
46.53
46.65
46.65
46.65
46.65
46.65
46.65
46.65
46.65
46.65
46.65
46.65
46.65
46.65
46.65
46.68
46.68
46.68
46.68
46.68
46.68
46.8
46.8
46.8
46.8
46.8
46.8
46.85
46.85
46.85
46.85
46.85
46.85
46.85
46.85
46.93
46.93
46.93
46.93
46.93
46.93
47.01
47.01
47.01
47.01
47.01
47.01
47.01
47.01
47.06
47.06
47.06
47.06
47.06
47.06
47.17
47.17
47.17
47.17
47.17
47.17
47.17
47.17
47.22
47.22
47.22
47.22
47.22
47.22
47.3
47.3
47.3
47.3
47.3
47.3
47.3
47.3
47.36
47.36
47.36
47.36
47.36
47.36
47.36
47.4
47.4
47.4
47.4
47.4
47.4
47.42
47.42
47.42
47.42
47.42
47.42
47.42
47.49
47.49
47.49
47.49
47.49
47.49
47.59
47.59
47.59
47.59
47.59
47.59
47.59
47.59
47.72
47.72
47.72
47.72
47.72
47.72
47.81
47.81
47.81
47.81
47.81
47.81
47.81
47.89
47.89
47.89
47.89
47.89
47.89
47.89
47.89
47.8
47.8
47.8
47.8
47.8
47.8
47.81
47.81
47.81
47.81
47.81
47.81
47.81
