29.75
29.75
29.75
29.75
29.75
29.75
29.49
29.49
29.49
29.49
29.49
29.49
29.49
29.49
29.28
29.28
29.28
29.28
29.28
29.28
29.06
29.06
29.06
29.06
29.06
29.06
29.06
29.06
28.83
28.83
28.83
28.83
28.83
28.83
28.83
28.64
28.64
28.64
28.64
28.64
28.64
28.53
28.53
28.53
28.53
28.53
28.53
28.53
28.53
28.5
28.5
28.5
28.5
28.5
28.5
28.52
28.52
28.52
28.52
28.52
28.52
28.52
28.52
28.59
28.59
28.59
28.59
28.59
28.59
28.71
28.71
28.71
28.71
28.71
28.71
28.71
28.71
28.87
28.87
28.87
28.87
28.87
28.87
28.87
29.04
29.04
29.04
29.04
29.04
29.04
29.24
29.24
29.24
29.24
29.24
29.24
29.24
29.24
29.44
29.44
29.44
29.44
29.44
29.44
29.67
29.67
29.67
29.67
29.67
29.67
29.67
29.67
29.93
29.93
29.93
29.93
29.93
29.93
30.19
30.19
30.19
30.19
30.19
30.19
30.19
30.19
30.47
30.47
30.47
30.47
30.73
30.73
30.73
30.73
30.73
30.73
30.73
30.73
30.73
30.99
30.99
30.99
30.99
30.99
31.27
31.27
31.27
31.27
31.27
31.27
31.27
31.27
31.27
31.6
31.6
31.6
31.6
31.6
31.6
31.6
31.88
31.88
31.88
31.88
31.88
31.88
32.21
32.21
32.21
32.21
32.21
32.21
32.21
32.21
32.59
32.59
32.59
32.59
32.59
32.59
32.9
32.9
32.9
32.9
32.9
32.9
32.9
33.22
33.22
33.22
33.22
33.22
33.22
33.22
33.22
33.53
33.53
33.53
33.53
33.53
33.53
33.84
33.84
33.84
33.84
33.84
33.84
33.84
34.12
34.12
34.12
34.12
34.12
34.12
34.41
34.41
34.41
34.41
34.41
34.41
34.41
34.41
34.78
34.78
34.78
34.78
34.78
34.78
34.78
35.13
35.13
35.13
35.13
35.13
35.13
35.4
35.4
35.4
35.4
35.4
35.4
35.69
35.69
35.69
35.69
35.69
35.69
35.69
35.69
35.69
36.01
36.01
36.01
36.01
36.01
36.01
36.26
36.26
36.26
36.26
36.26
36.26
36.26
36.26
36.56
36.56
36.56
36.56
36.56
36.56
36.56
36.93
36.93
36.93
36.93
36.93
36.93
37.23
37.23
37.23
37.23
37.23
37.23
37.23
37.55
37.55
37.55
37.55
37.55
37.55
37.78
37.78
37.78
37.78
37.78
37.78
37.78
37.78
38.0
38.0
38.0
38.0
38.0
38.0
38.28
38.28
38.28
38.28
38.28
38.28
38.28
38.28
38.54
38.54
38.54
38.54
38.54
38.54
38.54
38.81
38.81
38.81
38.81
38.81
38.81
39.03
39.03
39.03
39.03
39.03
39.03
39.03
39.03
39.18
39.18
39.18
39.18
39.18
39.18
39.18
39.43
39.43
39.43
39.43
39.43
39.43
39.67
39.67
39.67
39.67
39.67
39.67
39.67
39.94
39.94
39.94
39.94
39.94
39.94
40.17
40.17
40.17
40.17
40.17
40.17
40.17
40.17
40.35
40.35
40.35
40.35
40.35
40.35
40.6
40.6
40.6
40.6
40.6
40.6
40.6
40.6
40.82
40.82
40.82
40.82
40.82
40.82
40.99
40.99
40.99
40.99
40.99
40.99
40.99
40.99
41.26
41.26
41.26
41.26
41.26
41.26
41.26
41.52
41.52
41.52
41.52
41.52
41.52
41.69
41.69
41.69
41.69
41.69
41.69
41.69
41.89
41.89
41.89
41.89
41.89
41.89
42.14
42.14
42.14
42.14
42.14
42.14
42.14
42.14
42.39
42.39
42.39
42.39
42.39
42.39
42.64
42.64
42.64
42.64
42.64
42.64
42.64
42.64
42.76
42.76
42.76
42.76
42.76
42.76
42.75
42.75
42.75
42.75
42.75
42.75
42.75
42.75
42.99
42.99
42.99
42.99
42.99
42.99
42.99
43.19
43.19
43.19
43.19
43.19
43.19
43.19
43.37
43.37
43.37
43.37
43.37
43.37
43.45
43.45
43.45
43.45
43.45
43.45
43.45
43.64
43.64
43.64
43.64
43.64
43.64
43.78
43.78
43.78
43.78
43.78
43.78
43.78
43.78
43.92
43.92
43.92
43.92
43.92
43.92
44.09
44.09
44.09
44.09
44.09
44.09
44.09
44.09
44.28
44.28
44.28
44.28
44.28
44.28
44.43
44.43
44.43
44.43
44.43
44.43
44.43
44.43
44.56
44.56
44.56
44.56
44.56
44.56
44.56
44.68
44.68
44.68
44.68
44.68
44.68
44.75
44.75
44.75
44.75
44.75
44.75
44.75
44.75
44.89
44.89
44.89
44.89
44.89
44.89
45.01
45.01
45.01
45.01
45.01
45.01
45.01
45.08
45.08
45.08
45.08
45.08
45.08
45.19
45.19
45.19
45.19
45.19
45.19
45.19
45.19
45.28
45.28
45.28
45.28
45.28
45.28
45.39
45.39
45.39
45.39
45.39
45.39
45.39
45.39
45.53
45.53
45.53
45.53
45.53
45.53
45.53
45.67
45.67
45.67
45.67
45.67
45.67
45.83
45.83
45.83
45.83
45.83
45.83
45.83
45.83
45.8
45.8
45.8
45.8
45.8
45.8
45.9
45.9
45.9
45.9
45.9
45.9
45.9
45.99
45.99
45.99
45.99
45.99
45.99
46.14
46.14
46.14
46.14
46.14
46.14
46.14
46.14
46.27
46.27
46.27
46.27
