124.711959353
124.711959353
124.416082402
124.416082402
124.416082402
124.416082402
124.416082402
124.416082402
124.119500138
123.692443554
123.692443554
123.692443554
123.692443554
123.692443554
123.692443554
124.119500138
124.416082402
124.416082402
124.416082402
124.416082402
124.416082402
124.416082402
125.301617295
125.301617295
125.731262994
125.731262994
125.731262994
125.731262994
125.731262994
125.731262994
126.320171429
126.320171429
126.320171429
126.320171429
126.320171429
126.320171429
126.613598471
126.613598471
126.613598471
126.613598471
126.613598471
126.613598471
126.613598471
127.044785913
127.338531475
127.338531475
127.338531475
127.338531475
127.338531475
127.338531475
126.906347066
127.198421899
127.198421899
127.198421899
127.198421899
127.198421899
127.198421899
127.198421899
126.906347066
126.906347066
126.906347066
126.906347066
126.906347066
126.906347066
126.906347066
126.906347066
126.906347066
126.906347066
126.906347066
126.906347066
126.906347066
126.906347066
126.906347066
126.906347066
126.906347066
126.906347066
126.906347066
126.906347066
126.906347066
126.906347066
126.906347066
126.906347066
126.906347066
126.906347066
126.906347066
126.906347066
126.906347066
127.338531475
127.338531475
127.338531475
127.338531475
127.338531475
127.338531475
127.338531475
127.338531475
127.338531475
127.338531475
127.338531475
127.338531475
126.906347066
126.613598471
126.613598471
126.613598471
126.613598471
126.613598471
126.613598471
126.613598471
125.731262994
125.731262994
125.731262994
125.731262994
125.731262994
125.731262994
125.301617295
124.711959353
124.711959353
124.711959353
124.711959353
124.711959353
124.711959353
124.711959353
124.416082402
124.416082402
124.416082402
124.416082402
124.416082402
124.416082402
123.988005369
123.396173802
123.396173802
123.396173802
123.396173802
123.396173802
123.396173802
122.968664198
122.078650105
122.078650105
122.078650105
122.078650105
122.078650105
120.278866328
119.859249269
119.859249269
119.859249269
119.859249269
119.859249269
119.859249269
119.438158103
117.928133309
117.928133309
117.928133309
117.928133309
117.928133309
117.928133309
117.928133309
117.012765264
117.012765264
117.012765264
117.012765264
117.012765264
117.012765264
116.183290762
114.960274695
114.960274695
114.960274695
114.960274695
114.960274695
114.960274695
114.343861273
114.343861273
114.343861273
114.343861273
114.343861273
114.343861273
114.343861273
114.752758221
115.371375955
115.371375955
115.371375955
115.371375955
115.371375955
115.371375955
115.062482828
115.062482828
115.062482828
115.062482828
115.062482828
115.062482828
115.062482828
115.062482828
115.371375955
115.371375955
115.371375955
115.371375955
115.371375955
115.371375955
115.371375955
115.062482828
115.062482828
115.062482828
115.062482828
115.062482828
115.062482828
115.062482828
115.062482828
115.062482828
115.062482828
115.062482828
115.062482828
115.062482828
114.752758221
114.752758221
114.752758221
114.752758221
114.752758221
114.752758221
114.343861273
113.724106783
113.724106783
113.724106783
113.724106783
113.724106783
113.724106783
114.130787471
115.371375955
115.371375955
115.371375955
115.371375955
115.371375955
115.371375955
115.371375955
116.293132624
116.293132624
116.293132624
116.293132624
116.293132624
116.293132624
116.293132624
116.706047134
116.706047134
116.706047134
116.706047134
116.706047134
116.706047134
116.706047134
117.012765264
117.012765264
117.012765264
117.012765264
117.012765264
117.012765264
116.598765562
116.598765562
116.598765562
116.598765562
116.598765562
116.598765562
116.598765562
115.371375955
115.371375955
115.371375955
115.371375955
115.371375955
115.371375955
115.371375955
115.371375955
114.752758221
114.752758221
114.752758221
114.752758221
114.752758221
114.752758221
115.062482828
115.062482828
115.062482828
115.062482828
115.062482828
115.062482828
115.062482828
115.371375955
115.371375955
115.371375955
115.371375955
115.371375955
115.371375955
115.371375955
116.293132624
116.293132624
116.293132624
116.293132624
116.293132624
116.293132624
116.293132624
115.679444263
115.679444263
115.679444263
115.679444263
115.679444263
115.679444263
115.679444263
115.371375955
115.371375955
115.371375955
115.371375955
115.371375955
115.371375955
115.371375955
115.679444263
115.679444263
115.679444263
115.679444263
115.679444263
115.679444263
115.679444263
115.679444263
115.679444263
115.679444263
115.679444263
116.293132624
116.293132624
116.293132624
116.706047134
116.706047134
116.706047134
116.706047134
116.706047134
116.706047134
116.706047134
116.706047134
116.706047134
116.706047134
116.706047134
116.706047134
116.706047134
116.293132624
115.062482828
115.062482828
115.062482828
115.062482828
115.062482828
115.062482828
114.752758221
114.752758221
114.343861273
114.343861273
114.343861273
114.343861273
114.343861273
113.724106783
113.724106783
113.724106783
113.724106783
113.724106783
113.724106783
113.724106783
114.034405059
114.034405059
114.034405059
114.034405059
114.034405059
114.034405059
114.034405059
113.724106783
113.724106783
113.724106783
113.724106783
113.724106783
113.724106783
113.724106783
113.412959533
113.412959533
113.412959533
113.412959533
113.412959533
113.412959533
113.412959533
113.724106783
113.724106783
113.724106783
113.724106783
113.724106783
113.724106783
113.724106783
113.724106783
113.724106783
113.724106783
113.724106783
113.724106783
113.724106783
112.788089987
112.788089987
112.788089987
112.788089987
112.788089987
112.788089987
112.788089987
113.191423452
114.442195383
114.442195383
114.442195383
114.442195383
114.442195383
114.442195383
115.062482828
115.062482828
115.062482828
115.062482828
115.062482828
115.062482828
115.062482828
115.062482828
114.752758221
114.752758221
114.752758221
114.752758221
114.752758221
114.752758221
114.752758221
114.752758221
114.752758221
114.752758221
114.752758221
114.752758221
115.160203423
116.090179789
116.090179789
116.090179789
116.090179789
116.090179789
116.090179789
116.499467324
117.732300252
117.732300252
117.732300252
117.732300252
117.732300252
117.732300252
118.144471043
119.976277506
119.976277506
119.976277506
119.976277506
119.976277506
119.976277506
119.557716089
119.255420495
119.255420495
119.255420495
119.255420495
119.255420495
119.255420495
117.425305465
117.425305465
117.012765264
117.012765264
117.012765264
117.012765264
117.012765264
117.425305465
117.425305465
117.425305465
117.425305465
117.425305465
117.425305465
117.425305465
117.425305465
117.11750597
117.11750597
117.11750597
117.11750597
117.11750597
117.11750597
117.425305465
117.425305465
117.012765264
117.012765264
117.012765264
117.012765264
117.012765264
117.012765264
116.398520784
116.398520784
116.398520784
116.398520784
116.398520784
116.398520784
117.012765264
117.012765264
117.012765264
117.012765264
117.012765264
117.012765264
117.012765264
116.706047134
116.706047134
116.706047134
116.706047134
116.706047134
116.706047134
116.706047134
117.012765264
117.012765264
117.012765264
117.012765264
117.012765264
117.012765264
117.425305465
117.732300252
117.732300252
117.732300252
117.732300252
117.732300252
117.732300252
118.144471043
119.36879878
119.36879878
119.36879878
119.36879878
119.36879878
119.36879878
120.278866328
120.278866328
120.278866328
120.278866328
120.278866328
120.278866328
120.278866328
120.697024653
121.302026061
121.302026061
121.302026061
121.302026061
121.302026061
121.302026061
121.603398019
121.603398019
121.603398019
121.603398019
121.603398019
121.603398019
121.603398019
121.603398019
121.302026061
121.302026061
121.302026061
121.302026061
121.302026061
121.302026061
121.302026061
121.302026061
121.302026061
121.302026061
121.302026061
121.302026061
121.302026061
121.302026061
121.302026061
121.302026061
121.302026061
121.302026061
121.302026061
120.881771692
120.278866328
120.278866328
120.278866328
120.278866328
120.278866328
120.278866328
120.278866328
119.672923601
119.672923601
119.672923601
119.672923601
119.672923601
119.672923601
119.255420495
118.343900732
118.343900732
118.343900732
118.343900732
118.343900732
118.343900732
118.038496608
118.038496608
118.038496608
118.038496608
118.038496608
118.038496608
118.038496608
118.038496608
118.343900732
118.343900732
118.343900732
118.343900732
118.343900732
118.343900732
118.343900732
118.343900732
118.343900732
118.343900732
118.343900732
118.343900732
118.343900732
118.343900732
119.255420495
119.255420495
119.255420495
119.255420495
119.255420495
119.255420495
119.255420495
117.732300252
117.732300252
117.732300252
117.732300252
117.732300252
117.732300252
117.732300252
117.732300252
117.732300252
117.732300252
117.732300252
117.732300252
117.318681512
117.012765264
117.012765264
117.012765264
117.012765264
117.012765264
117.012765264
117.425305465
117.732300252
117.732300252
117.732300252
117.732300252
117.732300252
117.732300252
117.318681512
117.623802135
117.623802135
