17.51
17.51
17.51
17.51
17.51
17.46
17.46
17.46
17.46
17.46
17.43
17.43
17.43
17.43
17.43
17.43
17.43
17.39
17.39
17.39
17.39
17.39
17.39
17.39
17.39
17.39
17.36
17.36
17.36
17.36
17.36
17.32
17.32
17.32
17.32
17.32
17.32
17.32
17.32
17.32
17.29
17.29
17.29
17.29
17.29
17.28
17.28
17.28
17.28
17.28
17.28
17.28
17.28
17.28
17.28
17.28
17.28
17.28
17.28
17.26
17.26
17.26
17.26
17.26
17.26
17.26
17.26
17.26
17.25
17.25
17.25
17.25
17.25
17.25
17.22
17.22
17.22
17.22
17.22
17.22
17.21
17.21
17.21
17.21
17.21
17.21
17.21
17.21
17.21
17.19
17.19
17.19
17.19
17.19
17.17
17.17
17.17
17.17
17.17
17.17
17.17
17.17
17.17
17.15
17.15
17.15
17.15
17.15
17.14
17.14
17.14
17.14
17.14
17.14
17.14
17.14
17.14
17.15
17.15
17.15
17.15
17.15
17.15
17.15
17.15
17.15
17.15
17.15
17.15
17.15
17.15
17.15
17.15
17.16
17.16
17.16
17.16
17.16
17.16
17.16
17.16
17.16
17.16
17.16
17.16
17.16
17.16
17.16
17.16
17.17
17.17
17.17
17.17
17.17
17.17
17.17
17.17
17.17
17.17
17.18
17.18
17.18
17.18
17.18
17.18
17.18
17.18
17.18
17.18
17.18
17.19
17.19
17.19
17.19
17.19
17.19
17.19
17.19
17.19
17.19
17.19
17.19
17.19
17.19
17.19
17.19
17.21
17.21
17.21
17.21
17.21
17.21
17.21
17.21
17.21
17.21
17.21
17.21
17.21
17.21
17.22
17.22
17.22
17.22
17.22
17.23
17.23
17.23
17.23
17.23
17.23
17.23
17.23
17.23
17.23
17.23
17.23
17.23
17.26
17.26
17.26
17.26
17.26
17.26
17.26
17.26
17.26
17.28
17.28
17.28
17.28
17.28
17.28
17.28
17.29
17.29
17.29
17.29
17.29
17.3
17.3
17.3
17.3
17.3
17.3
17.3
17.32
17.32
17.32
17.32
17.32
17.32
17.32
17.32
17.32
17.32
17.32
17.32
17.32
17.32
17.32
17.34
17.34
17.34
17.34
17.34
17.34
17.35
17.35
17.35
17.35
17.35
17.35
17.35
17.35
17.35
17.37
17.37
17.37
17.37
17.38
17.38
17.38
17.38
17.38
17.38
17.38
17.38
17.38
17.4
17.4
17.4
17.4
17.4
17.42
17.42
17.42
17.42
17.42
17.42
17.42
17.42
17.42
17.43
17.43
17.43
17.43
17.43
17.45
17.45
17.45
17.45
17.45
17.45
17.45
17.45
17.45
17.47
17.47
17.47
17.47
17.47
17.47
17.47
17.5
17.5
17.5
17.5
17.5
17.5
17.53
17.53
17.53
17.53
17.53
17.53
17.55
17.55
17.55
17.55
17.55
17.55
17.55
17.55
17.55
17.55
17.55
17.55
17.55
17.57
17.57
17.57
17.57
17.57
17.57
17.57
17.57
17.57
17.57
17.57
17.57
17.57
17.57
17.59
17.59
17.59
17.59
17.59
17.59
17.59
17.59
17.59
17.61
17.61
17.61
17.61
17.61
17.63
17.63
17.63
17.63
17.63
17.63
17.63
17.63
17.63
17.65
17.65
17.65
17.65
17.65
17.65
17.66
17.66
17.66
17.66
17.66
17.66
17.67
17.67
17.67
17.67
17.67
17.67
17.67
17.67
17.67
17.68
17.68
17.68
17.68
17.68
17.68
17.68
17.68
17.68
17.68
17.68
17.68
17.68
17.69
17.69
17.69
17.69
17.69
17.71
17.71
17.71
17.71
17.71
17.71
17.71
17.71
17.71
17.72
17.72
17.72
17.72
17.72
17.74
17.74
17.74
17.74
17.74
17.74
17.74
17.74
17.74
17.77
17.77
17.77
17.77
17.77
17.77
17.77
17.78
17.78
17.78
17.78
17.78
17.78
17.78
17.79
17.79
17.79
17.79
17.79
17.81
17.81
17.81
17.81
17.81
17.81
17.81
17.81
17.81
17.81
17.81
17.81
17.81
17.81
17.82
17.82
17.82
17.82
17.82
17.82
17.82
17.82
17.82
17.82
17.82
17.82
17.82
17.83
17.83
17.83
17.83
17.83
17.83
17.83
17.83
17.83
17.85
17.85
17.85
17.85
17.85
17.88
17.88
17.88
17.88
17.88
17.88
17.88
17.88
17.88
17.9
17.9
17.9
17.9
17.9
17.9
17.9
17.9
17.9
17.9
17.9
17.9
17.9
17.9
17.9
17.9
17.9
17.9
17.9
17.9
17.9
17.91
17.91
17.91
17.91
17.91
17.91
17.91
17.91
17.91
17.91
17.91
17.91
17.91
17.91
17.91
17.91
17.91
17.91
17.92
17.92
17.92
17.92
17.92
17.92
17.92
17.92
17.92
17.93
17.93
17.93
17.93
17.93
17.93
17.93
17.93
17.93
17.93
17.93
17.93
17.93
17.93
17.93
17.93
17.93
17.93
17.93
17.93
17.93
17.92
17.92
17.92
17.92
17.92
17.93
17.93
17.93
17.93
17.93
17.93
17.93
17.93
17.93
17.94
17.94
17.94
17.94
17.94
17.94
17.94
17.94
17.94
17.94
17.94
17.94
17.94
17.94
17.94
17.94
17.94
17.94
17.94
17.96
17.96
17.96
17.96
17.96
17.96
17.96
17.96
17.97
17.97
17.97
17.97
17.97
17.98
17.98
17.98
17.98
17.98
17.98
17.98
17.98
