21.2
21.2
21.2
21.2
21.2
21.19
21.19
21.19
21.19
21.19
21.19
21.19
21.19
21.19
21.2
21.2
21.2
21.2
21.2
21.21
21.21
21.21
21.21
21.21
21.21
21.21
21.21
21.21
21.23
21.23
21.23
21.23
21.23
21.26
21.26
21.26
21.26
21.26
21.26
21.26
21.26
21.26
21.28
21.28
21.28
21.28
21.28
21.28
21.28
21.28
21.28
21.28
21.28
21.28
21.26
21.26
21.26
21.26
21.26
21.26
21.26
21.23
21.23
21.23
21.23
21.23
21.23
21.23
21.23
21.23
21.21
21.21
21.21
21.21
21.21
21.2
21.2
21.2
21.2
21.2
21.2
21.2
21.2
21.2
21.2
21.2
21.2
21.2
21.2
21.2
21.22
21.22
21.22
21.22
21.22
21.26
21.26
21.26
21.26
21.26
21.26
21.26
21.26
21.26
21.29
21.29
21.29
21.29
21.29
21.33
21.33
21.33
21.33
21.33
21.33
21.33
21.33
21.33
21.37
21.37
21.37
21.37
21.37
21.36
21.36
21.36
21.36
21.36
21.36
21.36
21.36
21.36
21.35
21.35
21.35
21.35
21.35
21.35
21.36
21.36
21.36
21.36
21.36
21.36
21.36
21.36
21.36
21.36
21.36
21.36
21.36
21.36
21.36
21.35
21.35
21.35
21.35
21.35
21.36
21.36
21.36
21.36
21.36
21.36
21.37
21.37
21.37
21.37
21.37
21.37
21.37
21.37
21.37
21.38
21.38
21.38
21.38
21.38
21.37
21.37
21.37
21.37
21.37
21.37
21.37
21.37
21.37
21.37
21.37
21.37
21.37
21.37
21.35
21.35
21.35
21.35
21.35
21.35
21.35
21.35
21.35
21.3
21.3
21.3
21.3
21.3
21.26
21.26
21.26
21.26
21.26
21.26
21.26
21.26
21.26
21.21
21.21
21.21
21.21
21.21
21.21
21.16
21.16
21.16
21.16
21.16
21.12
21.12
21.12
21.12
21.12
21.12
21.12
21.11
21.11
21.11
21.11
21.11
21.11
21.11
21.11
21.11
21.12
21.12
21.12
21.12
21.12
21.15
21.15
21.15
21.15
21.15
21.15
21.15
21.15
21.15
21.19
21.19
21.19
21.19
21.19
21.24
21.24
21.24
21.24
21.24
21.24
21.24
21.24
21.24
21.29
21.29
21.29
21.29
21.29
21.33
21.33
21.33
21.33
21.33
21.33
21.33
21.33
21.33
21.35
21.35
21.35
21.35
21.35
21.37
21.37
21.37
21.37
21.37
21.37
21.37
21.37
21.37
21.37
21.37
21.37
21.37
21.37
21.37
21.38
21.38
21.38
21.38
21.38
21.36
21.36
21.36
21.36
21.36
21.36
21.36
21.36
21.36
21.36
21.36
21.36
21.36
21.36
21.37
21.37
21.37
21.37
21.37
21.37
21.37
21.37
21.37
21.38
21.38
21.38
21.38
21.38
21.38
21.38
21.38
21.38
21.38
21.38
21.38
21.38
21.38
21.4
21.4
21.4
21.4
21.4
21.43
21.43
21.43
21.43
21.43
21.43
21.43
21.43
21.43
21.43
21.43
21.43
21.43
21.4
21.4
21.4
21.4
21.4
21.4
21.4
21.4
21.4
21.36
21.36
21.36
21.36
21.36
21.36
21.36
21.31
21.31
21.31
21.31
21.31
21.28
21.28
21.28
21.28
21.28
21.28
21.28
21.26
21.26
21.26
21.26
21.26
21.26
21.26
21.26
21.26
21.23
21.23
21.23
21.23
21.23
21.18
21.18
21.18
21.18
21.18
21.14
21.14
21.14
21.14
21.14
21.14
21.14
21.14
21.14
21.14
21.14
21.12
21.12
21.12
21.12
21.12
21.11
21.11
21.11
21.11
21.11
21.11
21.11
21.11
21.12
21.12
21.12
21.12
21.12
21.14
21.14
21.14
21.14
21.14
21.14
21.14
21.14
21.14
21.19
21.19
21.19
21.19
21.19
