47.81
47.81
47.84
47.84
47.84
47.84
47.84
47.84
47.84
48.35
48.35
48.35
48.35
48.35
48.35
49.12
49.12
49.12
49.12
49.12
49.12
49.12
49.12
49.67
49.67
49.67
49.67
49.67
49.67
50.08
50.08
50.08
50.08
50.08
50.08
50.08
50.08
50.45
50.45
50.45
50.45
50.45
50.45
50.88
50.88
50.88
50.88
50.88
50.88
51.15
51.15
51.15
51.15
51.15
51.15
51.15
51.4
51.4
51.4
51.4
51.4
51.4
51.4
51.4
51.4
51.68
51.68
51.68
51.68
51.68
51.68
51.78
51.78
51.78
51.78
51.78
51.78
51.78
51.78
51.91
51.91
51.91
51.91
51.91
51.91
52.01
52.01
52.01
52.01
52.01
52.01
52.01
52.14
52.14
52.14
52.14
52.14
52.14
52.14
52.17
52.17
52.17
52.17
52.17
52.17
52.19
52.19
52.19
52.19
52.19
52.19
52.19
52.19
52.3
52.3
52.3
52.3
52.3
52.3
52.34
52.34
52.34
52.34
52.34
52.34
52.34
52.34
52.41
52.41
52.41
52.41
52.41
52.41
52.39
52.39
52.39
52.39
52.39
52.39
52.5
52.5
52.5
52.5
52.5
52.5
52.5
52.5
52.5
52.53
52.53
52.53
52.53
52.53
52.53
52.5
52.5
52.5
52.5
52.5
52.5
52.5
52.62
52.62
52.62
52.62
52.62
52.62
52.62
52.64
52.64
52.64
52.64
52.64
52.64
52.74
52.74
52.74
52.74
52.74
52.74
52.74
52.74
52.86
52.86
52.86
52.86
52.86
52.86
52.93
52.93
52.93
52.93
52.93
52.93
52.93
52.93
52.99
52.99
52.99
52.99
52.99
52.99
52.99
52.99
52.99
52.99
52.99
52.99
52.99
52.99
53.06
53.06
53.06
53.06
53.06
53.06
53.13
53.13
53.13
53.13
53.13
53.13
53.14
53.14
53.14
53.14
53.14
53.14
53.14
53.14
53.09
53.09
53.09
53.09
53.09
53.09
53.07
53.07
53.07
53.07
53.07
53.07
53.07
53.11
53.11
53.11
53.11
53.11
53.11
53.11
53.11
53.23
53.23
53.23
53.23
53.23
53.23
53.33
53.33
53.33
53.33
53.33
53.33
53.33
53.33
53.29
53.29
53.29
53.29
53.29
53.29
53.24
53.24
53.24
53.24
53.24
53.24
53.24
53.24
53.25
53.25
53.25
53.25
53.25
53.25
53.29
53.29
53.29
53.29
53.29
53.29
53.29
53.27
53.27
53.27
53.27
53.27
53.27
53.27
53.28
53.28
53.28
53.28
53.28
53.28
53.25
53.25
53.25
53.25
53.25
53.25
53.25
53.26
53.26
53.26
53.26
53.26
53.26
53.26
53.26
53.33
53.33
53.33
53.33
53.33
53.33
53.36
53.36
53.36
53.36
53.36
53.36
53.36
53.35
53.35
53.35
53.35
53.35
53.35
53.35
53.35
53.39
53.39
53.39
53.39
53.39
53.39
53.42
53.42
53.42
53.42
53.42
53.42
53.42
53.42
53.42
53.42
53.42
53.42
53.42
53.42
53.37
53.37
53.37
53.37
53.37
53.37
53.37
53.35
53.35
53.35
53.35
53.35
53.35
53.43
53.43
53.43
53.43
53.43
53.43
53.43
53.4
53.4
53.4
53.4
53.4
53.4
53.4
53.4
53.38
53.38
53.38
53.38
53.38
53.38
53.45
53.45
53.45
53.45
53.45
53.45
53.45
53.45
53.56
53.56
53.56
53.56
53.56
53.56
53.56
53.62
53.62
53.62
53.62
53.62
53.62
53.62
53.59
53.59
53.59
53.59
53.59
53.59
53.58
53.58
53.58
53.58
53.58
53.58
53.58
53.57
53.57
53.57
53.57
53.57
53.57
53.59
53.59
53.59
53.59
53.59
53.59
53.59
53.59
53.67
53.67
53.67
53.67
53.67
53.67
53.61
53.61
53.61
53.61
