122.0423585
122.0423585
122.0423585
121.368343743
120.616829745
120.616829745
120.616829745
120.616829745
120.616829745
120.616829745
119.480696139
119.480696139
119.480696139
119.480696139
119.480696139
119.480696139
119.480696139
119.480696139
120.616829745
120.616829745
120.616829745
120.616829745
120.616829745
120.616829745
120.280510314
119.90404457
119.90404457
119.90404457
119.90404457
119.90404457
119.90404457
119.90404457
119.147544623
119.147544623
119.147544623
119.147544623
119.147544623
119.147544623
118.813459001
118.813459001
118.813459001
118.813459001
118.813459001
118.813459001
118.813459001
119.191245198
119.526393098
119.526393098
119.526393098
119.526393098
119.526393098
119.526393098
119.526393098
119.526393098
119.526393098
119.526393098
119.526393098
119.526393098
119.526393098
119.860603922
119.860603922
119.860603922
119.860603922
119.860603922
119.860603922
119.860603922
119.860603922
120.239311355
120.239311355
120.239311355
120.239311355
120.239311355
120.239311355
119.860603922
119.860603922
119.860603922
119.860603922
119.860603922
119.860603922
119.860603922
119.860603922
120.239311355
120.239311355
120.239311355
120.239311355
120.239311355
119.860603922
119.860603922
119.860603922
119.860603922
119.860603922
119.860603922
119.860603922
119.860603922
120.239311355
120.239311355
120.239311355
120.239311355
120.239311355
120.239311355
120.239311355
120.239311355
120.239311355
120.239311355
120.239311355
120.239311355
120.239311355
120.239311355
119.860603922
119.860603922
119.860603922
119.860603922
119.860603922
119.860603922
119.526393098
119.147544623
119.147544623
119.147544623
119.147544623
119.147544623
119.147544623
119.147544623
119.147544623
119.147544623
119.147544623
119.147544623
119.147544623
119.147544623
119.147544623
118.386210663
118.386210663
118.386210663
118.386210663
118.386210663
118.386210663
118.003701713
118.003701713
117.672823387
117.672823387
117.672823387
117.672823387
117.672823387
117.341012098
116.9594143
116.9594143
116.9594143
116.9594143
116.9594143
116.9594143
116.627744235
115.862963893
115.862963893
115.862963893
115.862963893
115.862963893
115.478674397
115.478674397
115.149335552
115.149335552
115.149335552
115.149335552
115.149335552
115.149335552
115.149335552
115.149335552
115.149335552
115.149335552
115.149335552
115.149335552
114.764862574
114.764862574
114.764862574
114.764862574
114.764862574
114.764862574
114.764862574
114.764862574
115.149335552
115.149335552
115.149335552
115.149335552
115.149335552
115.149335552
115.149335552
115.149335552
115.149335552
115.149335552
115.149335552
115.149335552
115.149335552
115.478674397
115.478674397
115.478674397
115.478674397
115.478674397
115.478674397
115.478674397
115.807076697
116.576567399
116.576567399
116.576567399
116.576567399
116.576567399
116.576567399
116.576567399
116.576567399
116.576567399
116.576567399
116.576567399
116.576567399
116.576567399
116.906217029
118.054259795
118.054259795
118.054259795
118.054259795
118.054259795
118.054259795
118.434467736
118.434467736
118.767487691
118.767487691
118.767487691
118.767487691
118.386210663
118.386210663
118.386210663
118.386210663
118.386210663
118.386210663
118.386210663
118.054259795
117.672823387
117.672823387
117.672823387
117.672823387
117.672823387
117.672823387
116.906217029
116.906217029
116.576567399
116.576567399
116.576567399
116.576567399
116.576567399
116.906217029
116.906217029
116.906217029
116.906217029
116.906217029
116.906217029
116.906217029
117.234939772
118.003701713
118.003701713
118.003701713
118.003701713
118.003701713
118.003701713
118.3336549
119.480696139
119.480696139
119.480696139
119.480696139
119.480696139
119.480696139
119.480696139
119.480696139
119.480696139
119.480696139
119.480696139
119.480696139
119.480696139
119.480696139
119.09957652
119.09957652
119.09957652
119.09957652
119.09957652
119.09957652
119.09957652
119.480696139
119.480696139
119.480696139
119.480696139
119.480696139
119.480696139
119.480696139
119.480696139
119.480696139
119.480696139
119.480696139
119.480696139
119.480696139
119.480696139
119.480696139
119.480696139
119.480696139
119.480696139
119.480696139
119.480696139
119.480696139
119.480696139
119.480696139
119.480696139
119.480696139
119.480696139
119.09957652
119.09957652
119.09957652
119.09957652
119.09957652
119.09957652
119.09957652
118.717233394
118.717233394
118.386210663
118.386210663
118.386210663
118.386210663
118.386210663
118.717233394
119.09957652
119.09957652
119.09957652
119.09957652
119.09957652
119.09957652
119.480696139
119.480696139
119.480696139
119.480696139
119.480696139
119.480696139
119.480696139
119.480696139
118.717233394
118.717233394
118.717233394
118.717233394
118.717233394
118.717233394
118.717233394
118.717233394
118.717233394
118.717233394
118.717233394
118.717233394
118.717233394
118.717233394
119.09957652
119.09957652
119.09957652
119.09957652
119.09957652
119.09957652
119.09957652
119.09957652
119.09957652
119.09957652
119.09957652
119.09957652
119.09957652
118.717233394
118.717233394
118.717233394
118.717233394
118.717233394
118.717233394
118.717233394
119.09957652
119.09957652
119.09957652
119.09957652
119.09957652
119.09957652
119.43074199
120.573645944
120.573645944
120.573645944
120.573645944
120.573645944
120.573645944
119.812921341
119.480696139
119.480696139
119.480696139
119.480696139
119.480696139
119.480696139
119.147544623
118.386210663
118.386210663
118.386210663
118.386210663
118.386210663
118.386210663
118.003701713
118.003701713
118.003701713
118.003701713
118.003701713
118.003701713
118.003701713
118.3336549
118.717233394
118.717233394
118.717233394
118.717233394
118.717233394
118.717233394
118.717233394
118.717233394
118.717233394
119.09957652
119.09957652
119.09957652
119.09957652
118.717233394
118.717233394
118.386210663
118.386210663
118.386210663
118.386210663
118.386210663
118.386210663
117.619948821
117.619948821
117.619948821
117.619948821
117.619948821
117.619948821
117.619948821
117.619948821
117.619948821
117.619948821
117.619948821
117.619948821
117.290146525
116.906217029
116.906217029
116.906217029
116.906217029
116.906217029
116.906217029
117.234939772
118.003701713
118.003701713
118.003701713
118.003701713
118.003701713
118.003701713
117.234939772
116.906217029
