46.27
46.27
46.27
46.27
46.27
46.27
46.27
46.27
46.27
46.27
46.36
46.36
46.36
46.36
46.36
46.36
46.36
46.48
46.48
46.48
46.48
46.48
46.48
46.62
46.62
46.62
46.62
46.62
46.62
46.62
46.62
46.69
46.69
46.69
46.69
46.69
46.69
46.73
46.73
46.73
46.73
46.73
46.73
46.73
46.73
46.87
46.87
46.87
46.87
46.87
46.87
47.08
47.08
47.08
47.08
47.08
47.08
47.08
47.96
47.96
47.96
47.96
47.96
47.96
48.86
48.86
48.86
48.86
48.86
48.86
48.86
48.86
49.72
49.72
49.72
49.72
49.72
49.72
49.72
50.36
50.36
50.36
50.36
50.36
50.36
50.85
50.85
50.85
50.85
50.85
50.85
50.85
50.85
51.2
51.2
51.2
51.2
51.2
51.2
51.49
51.49
51.49
51.49
51.49
51.49
51.49
51.49
51.78
51.78
51.78
51.78
51.78
51.78
52.1
52.1
52.1
52.1
52.1
52.1
52.1
52.32
52.32
52.32
52.32
52.32
52.32
52.44
52.44
52.44
52.44
52.44
52.44
52.44
52.44
52.54
52.54
52.54
52.54
52.54
52.54
52.54
52.7
52.7
52.7
52.7
52.7
52.7
52.8
52.8
52.8
52.8
52.8
52.8
52.8
52.8
52.89
52.89
52.89
52.89
52.89
52.89
52.98
52.98
52.98
52.98
52.98
52.98
52.98
52.98
53.04
53.04
53.04
53.04
53.04
53.04
53.07
53.07
53.07
53.07
53.07
53.07
53.07
53.07
53.1
53.1
53.1
53.1
53.1
53.1
53.13
53.13
53.13
53.13
53.13
53.13
53.13
53.17
53.17
53.17
53.17
53.17
53.17
53.17
53.23
53.23
53.23
53.23
53.23
53.23
53.31
53.31
53.31
53.31
53.31
53.31
53.31
53.31
53.43
53.43
53.43
53.43
53.43
53.43
53.45
53.45
53.45
53.45
53.45
53.45
53.45
53.45
53.42
53.42
53.42
53.42
53.42
53.42
53.43
53.43
53.43
53.43
53.43
53.43
53.43
53.4
53.4
53.4
53.4
53.4
53.4
53.4
53.4
53.45
53.45
53.45
53.45
53.45
53.45
53.51
53.51
53.51
53.51
53.51
53.51
53.51
53.56
53.56
53.56
53.56
53.56
53.56
53.56
53.55
53.55
53.55
53.55
53.55
53.55
53.55
53.55
53.55
53.55
53.55
53.55
53.55
53.55
53.53
53.53
53.53
53.53
53.53
53.53
53.51
53.51
53.51
53.51
53.51
53.51
53.51
53.51
53.49
53.49
53.49
53.49
53.49
53.49
53.51
53.51
53.51
53.51
53.51
53.51
53.51
53.51
53.53
53.53
53.53
53.53
53.53
53.53
53.61
53.61
53.61
53.61
53.61
53.61
53.61
53.67
53.67
53.67
53.67
53.67
53.67
53.67
53.59
53.59
53.59
53.59
53.59
53.59
53.57
53.57
53.57
53.57
53.57
53.57
53.57
53.57
53.58
53.58
53.58
53.58
53.58
53.58
53.55
53.55
53.55
53.55
53.55
53.55
53.55
53.55
53.56
53.56
53.56
53.56
53.56
53.56
53.58
53.58
53.58
53.58
53.58
53.58
53.58
53.58
53.63
53.63
53.63
53.63
53.63
53.63
53.69
53.69
53.69
53.69
53.69
53.69
53.69
53.66
53.66
53.66
53.66
53.66
53.66
53.66
53.63
53.63
53.63
53.63
53.63
53.63
53.67
53.67
53.67
53.67
53.67
53.67
53.67
53.67
53.72
53.72
53.72
53.72
53.72
53.72
53.71
53.71
53.71
53.71
53.71
53.71
53.71
53.71
53.77
53.77
53.77
53.77
53.77
53.77
53.77
53.75
53.75
53.75
53.75
53.75
53.75
53.8
53.8
53.8
53.8
53.8
53.8
53.8
53.8
53.84
53.84
53.84
53.84
53.84
53.84
53.8
53.8
53.8
53.8
53.8
53.8
53.8
53.8
53.77
53.77
53.77
53.77
53.77
53.77
53.74
53.74
53.74
53.74
53.74
53.74
53.81
53.81
53.81
53.81
53.81
53.81
53.81
53.81
53.89
53.89
53.89
53.89
53.89
53.89
53.93
53.93
53.93
53.93
53.93
53.93
53.93
53.93
53.99
53.99
53.99
53.99
53.99
53.99
53.99
53.99
53.99
53.99
53.99
53.99
53.99
53.99
54.09
54.09
54.09
54.09
54.09
54.09
54.13
54.13
54.13
54.13
54.13
54.13
54.13
54.15
54.15
54.15
54.15
54.15
54.15
54.15
54.15
54.14
54.14
54.14
54.14
54.14
54.14
54.11
54.11
54.11
54.11
54.11
54.11
54.1
54.1
54.1
54.1
54.1
54.1
54.1
54.1
54.1
54.1
54.1
54.1
54.1
54.1
54.1
54.1
54.1
54.1
54.1
54.1
54.1
54.1
54.14
54.14
54.14
54.14
54.14
54.14
54.11
54.11
54.11
54.11
54.11
54.11
54.11
54.11
54.18
54.18
54.18
54.18
54.18
54.18
54.26
54.26
54.26
54.26
54.26
54.26
54.26
54.26
54.26
54.26
54.26
54.26
54.26
54.26
54.26
54.3
54.3
54.3
54.3
54.3
54.3
54.3
54.3
54.3
54.3
54.3
54.3
54.33
54.33
54.33
