17.98
17.99
17.99
17.99
17.99
17.99
17.99
17.99
17.99
17.99
17.99
17.99
17.99
18.0
18.0
18.0
18.0
18.0
18.0
18.0
18.0
18.0
18.0
18.0
18.0
18.0
18.0
18.0
18.0
18.0
18.0
18.0
18.0
18.0
18.0
18.0
18.0
18.0
18.0
18.0
18.0
18.02
18.02
18.02
18.02
18.02
18.02
18.02
18.02
18.02
18.03
18.03
18.03
18.03
18.04
18.04
18.04
18.04
18.04
18.04
18.04
18.04
18.04
18.04
18.04
18.04
18.04
18.04
18.04
18.04
18.05
18.05
18.05
18.05
18.05
18.06
18.06
18.06
18.06
18.06
18.06
18.06
18.06
18.06
18.06
18.06
18.06
18.06
18.06
18.07
18.07
18.07
18.07
18.07
18.07
18.07
18.07
18.07
18.09
18.09
18.09
18.09
18.09
18.09
18.09
18.09
18.09
18.09
18.09
18.09
18.09
18.09
18.1
18.1
18.1
18.1
18.1
18.11
18.11
18.11
18.11
18.11
18.11
18.11
18.11
18.11
18.11
18.11
18.11
18.11
18.11
18.11
18.1
18.1
18.1
18.1
18.1
18.09
18.09
18.09
18.09
18.09
18.09
18.09
18.09
18.09
18.09
18.09
18.09
18.09
18.09
18.09
18.09
18.09
18.09
18.09
18.09
18.09
18.09
18.09
18.09
18.09
18.09
18.09
18.09
18.09
18.09
18.09
18.09
18.09
18.09
18.09
18.09
18.09
18.11
18.11
18.11
18.11
18.11
18.11
18.11
18.11
18.11
18.11
18.11
18.11
18.12
18.12
18.12
18.12
18.12
18.12
18.12
18.12
18.15
18.15
18.15
18.15
18.15
18.16
18.16
18.16
18.16
18.16
18.16
18.16
18.16
18.16
18.17
18.17
18.17
18.17
18.17
18.17
18.17
18.17
18.17
18.17
18.17
18.17
18.17
18.17
18.17
18.17
18.17
18.17
18.17
18.18
18.18
18.18
18.18
18.18
18.18
18.18
18.18
18.18
18.19
18.19
18.19
18.19
18.19
18.17
18.17
18.17
18.17
18.17
18.17
18.17
18.16
18.16
18.16
18.16
18.16
18.16
18.16
18.16
18.16
18.16
18.16
18.16
18.16
18.16
18.16
18.16
18.16
18.16
18.16
18.16
18.15
18.15
18.15
18.15
18.15
18.15
18.15
18.15
18.15
18.15
18.15
18.15
18.15
18.15
18.15
18.15
18.15
18.15
18.15
18.15
18.15
18.15
18.15
18.15
18.15
18.15
18.15
18.15
18.15
18.15
18.15
18.15
18.15
18.15
18.15
18.15
18.15
18.17
18.17
18.17
18.17
18.17
18.17
18.17
18.17
18.17
18.17
18.17
18.17
18.18
18.18
18.18
18.18
18.18
18.18
18.18
18.18
18.18
18.2
18.2
18.2
18.2
18.2
18.2
18.2
18.2
18.2
18.2
18.2
18.2
18.2
18.19
18.19
18.19
18.19
18.19
18.19
18.19
18.19
18.19
18.19
18.19
18.19
18.19
18.19
18.2
18.2
18.2
18.2
18.2
18.2
18.2
18.2
18.2
18.2
18.2
18.2
18.2
18.2
18.2
18.2
18.2
18.2
18.2
18.21
18.21
18.21
18.21
18.21
18.21
18.21
18.22
18.22
18.22
18.22
18.22
18.22
18.22
18.22
18.22
18.21
18.21
18.21
18.21
18.21
18.2
18.2
18.2
18.2
18.2
18.2
18.2
18.2
18.19
18.19
18.19
18.19
18.19
18.19
18.19
18.19
18.19
18.19
18.19
18.19
18.19
18.19
18.19
18.19
18.19
18.19
18.19
18.19
18.19
18.19
18.19
18.19
18.19
18.19
18.19
18.19
18.18
18.18
18.18
18.18
18.18
18.18
18.18
18.17
18.17
18.17
18.17
18.17
18.18
18.18
18.18
18.18
18.18
18.18
18.18
18.18
18.18
18.19
18.19
18.19
18.19
18.19
18.19
18.19
18.21
18.21
18.21
18.21
18.21
18.21
18.21
18.21
18.21
18.21
18.21
18.21
18.21
18.21
18.21
18.21
18.21
18.21
18.2
18.2
18.2
18.2
18.2
18.2
18.2
18.2
18.2
18.2
18.2
18.2
18.2
18.2
18.19
18.19
18.19
18.19
18.19
18.19
18.19
18.19
18.19
18.19
18.19
18.19
18.19
18.19
18.18
18.18
18.18
18.18
18.18
18.18
18.18
18.18
18.18
18.18
18.18
18.18
18.18
18.18
18.18
18.18
18.18
18.18
18.18
18.18
18.18
18.18
18.18
18.18
18.18
18.18
18.18
18.18
18.17
18.17
18.17
18.17
18.17
18.17
18.17
18.17
18.16
18.16
18.16
18.16
18.16
18.16
18.16
18.16
18.16
18.16
18.16
18.16
18.16
18.16
18.16
18.16
18.16
18.16
18.16
18.16
18.16
18.16
18.16
18.16
18.16
18.16
18.16
18.16
18.16
18.16
18.16
18.16
18.16
18.16
18.16
18.16
18.16
18.16
18.16
18.16
18.16
18.16
18.16
18.16
18.16
18.16
18.16
18.16
18.16
18.15
18.15
18.15
18.15
18.15
18.15
18.15
18.15
18.15
18.15
18.15
18.15
18.15
18.15
18.15
18.15
18.15
18.15
18.15
18.15
18.17
18.17
18.17
18.17
