117.623802135
117.623802135
117.623802135
117.623802135
115.781017643
115.781017643
115.371375955
115.371375955
115.371375955
115.371375955
115.371375955
115.371375955
114.752758221
114.752758221
114.752758221
114.752758221
114.752758221
114.752758221
114.752758221
114.752758221
114.752758221
114.752758221
114.752758221
114.752758221
114.752758221
115.160203423
116.398520784
116.398520784
116.398520784
116.398520784
116.398520784
116.398520784
116.398520784
116.706047134
116.706047134
116.706047134
116.706047134
116.706047134
116.706047134
117.11750597
117.425305465
117.425305465
117.425305465
117.425305465
117.425305465
117.425305465
117.425305465
118.343900732
118.343900732
118.343900732
118.343900732
118.343900732
117.732300252
117.732300252
117.732300252
117.732300252
117.732300252
117.732300252
117.732300252
117.732300252
117.425305465
117.425305465
117.425305465
117.425305465
117.425305465
117.425305465
116.808895405
116.808895405
116.808895405
116.808895405
116.808895405
116.808895405
116.808895405
116.808895405
117.425305465
117.425305465
117.425305465
117.425305465
117.425305465
117.425305465
117.732300252
117.732300252
117.732300252
117.732300252
117.732300252
117.732300252
117.732300252
118.144471043
118.758212685
118.758212685
118.758212685
118.758212685
118.758212685
118.758212685
118.758212685
118.451739367
118.451739367
118.451739367
118.451739367
118.451739367
118.451739367
118.038496608
117.732300252
117.732300252
117.732300252
117.732300252
117.732300252
117.732300252
117.732300252
117.732300252
117.732300252
117.732300252
117.732300252
117.732300252
117.732300252
118.343900732
118.758212685
118.758212685
118.758212685
118.758212685
118.758212685
118.758212685
119.063897136
119.063897136
119.063897136
119.063897136
119.063897136
119.063897136
119.063897136
119.063897136
119.063897136
119.063897136
119.063897136
119.063897136
119.063897136
119.063897136
118.758212685
118.758212685
118.758212685
118.758212685
118.758212685
118.758212685
118.451739367
118.451739367
118.451739367
118.451739367
118.451739367
118.451739367
118.451739367
118.038496608
117.11750597
117.11750597
117.11750597
117.11750597
117.11750597
117.11750597
117.11750597
116.808895405
116.808895405
116.808895405
116.808895405
116.808895405
116.808895405
117.217833434
117.836401494
117.836401494
117.836401494
117.836401494
117.836401494
117.836401494
117.425305465
117.11750597
117.11750597
117.11750597
117.11750597
117.11750597
117.11750597
116.499467324
116.499467324
116.499467324
116.499467324
116.499467324
116.499467324
116.499467324
116.499467324
116.189215195
116.189215195
116.189215195
116.189215195
116.189215195
116.189215195
116.189215195
116.189215195
116.189215195
116.189215195
116.189215195
116.189215195
116.189215195
116.499467324
116.499467324
116.499467324
116.499467324
116.499467324
116.499467324
116.808895405
116.808895405
116.808895405
116.808895405
116.808895405
116.808895405
116.808895405
117.217833434
117.217833434
117.217833434
117.217833434
117.217833434
117.217833434
117.217833434
117.217833434
118.144471043
118.144471043
118.144471043
118.144471043
118.144471043
118.144471043
118.555208985
119.47783153
119.47783153
119.47783153
119.47783153
119.47783153
119.47783153
119.063897136
119.36879878
119.36879878
119.36879878
119.36879878
119.36879878
119.36879878
118.451739367
118.451739367
118.451739367
118.451739367
118.038496608
118.038496608
118.038496608
118.038496608
117.11750597
117.11750597
117.11750597
117.11750597
117.11750597
117.11750597
117.527524419
117.836401494
117.836401494
117.836401494
117.836401494
117.836401494
118.451739367
118.451739367
118.451739367
118.451739367
118.451739367
118.451739367
118.451739367
118.451739367
119.063897136
119.063897136
119.063897136
119.063897136
119.063897136
119.063897136
118.451739367
118.451739367
118.451739367
118.451739367
118.451739367
118.451739367
118.451739367
118.86354555
119.47783153
119.47783153
119.47783153
119.47783153
119.47783153
119.47783153
119.063897136
118.451739367
118.451739367
118.451739367
118.451739367
118.451739367
118.451739367
118.451739367
117.836401494
117.836401494
117.836401494
117.836401494
117.836401494
117.836401494
117.836401494
117.836401494
117.836401494
117.836401494
117.836401494
117.836401494
117.836401494
118.144471043
118.144471043
118.144471043
118.144471043
118.144471043
118.144471043
118.144471043
118.144471043
118.144471043
118.144471043
118.144471043
118.144471043
118.144471043
118.144471043
119.063897136
119.063897136
119.47783153
119.47783153
119.47783153
119.47783153
119.47783153
120.393383858
120.393383858
120.393383858
120.393383858
120.393383858
120.393383858
120.088975321
120.088975321
120.088975321
120.088975321
120.088975321
120.088975321
120.088975321
120.088975321
120.088975321
120.088975321
120.088975321
120.088975321
120.088975321
120.088975321
119.672923601
118.758212685
118.758212685
118.758212685
118.758212685
118.758212685
118.758212685
118.758212685
117.836401494
117.836401494
117.836401494
117.836401494
117.836401494
117.836401494
117.425305465
117.11750597
117.11750597
117.11750597
117.11750597
117.11750597
117.11750597
116.808895405
117.217833434
117.217833434
117.217833434
117.217833434
117.217833434
117.217833434
117.217833434
117.836401494
117.836401494
117.836401494
117.836401494
117.836401494
117.836401494
118.451739367
118.451739367
118.86354555
118.86354555
118.86354555
118.86354555
118.86354555
118.86354555
119.171084345
119.171084345
119.171084345
119.171084345
119.171084345
118.758212685
118.144471043
118.144471043
118.144471043
118.144471043
118.144471043
118.144471043
118.144471043
118.144471043
118.144471043
118.144471043
118.144471043
118.144471043
118.144471043
117.732300252
117.425305465
117.425305465
117.425305465
117.425305465
117.425305465
117.425305465
117.425305465
116.499467324
116.499467324
116.499467324
116.499467324
116.499467324
116.499467324
116.499467324
116.499467324
116.499467324
116.499467324
116.499467324
116.499467324
116.499467324
116.499467324
116.189215195
116.189215195
116.189215195
116.189215195
116.189215195
116.189215195
117.11750597
117.527524419
117.527524419
117.527524419
117.527524419
117.527524419
117.527524419
117.527524419
118.451739367
118.451739367
118.451739367
118.451739367
118.451739367
118.451739367
118.144471043
118.144471043
118.144471043
118.144471043
118.144471043
118.144471043
118.144471043
117.318681512
115.781017643
115.781017643
115.781017643
115.781017643
115.781017643
114.536024282
114.536024282
114.536024282
114.536024282
114.536024282
114.536024282
114.536024282
114.536024282
114.222655639
114.222655639
114.222655639
114.222655639
114.222655639
114.222655639
114.222655639
114.222655639
114.222655639
114.222655639
114.222655639
114.222655639
114.222655639
114.222655639
114.222655639
114.222655639
114.222655639
114.222655639
114.222655639
114.222655639
114.222655639
114.222655639
114.222655639
114.222655639
114.222655639
114.222655639
114.222655639
113.908424905
113.908424905
113.908424905
113.908424905
113.908424905
113.908424905
113.908424905
114.310020444
115.878132401
115.878132401
115.878132401
115.878132401
115.878132401
115.878132401
115.878132401
115.878132401
116.808895405
116.808895405
116.808895405
116.808895405
116.808895405
118.038496608
118.038496608
118.451739367
118.451739367
118.451739367
118.451739367
118.451739367
118.451739367
118.451739367
118.451739367
118.451739367
118.451739367
118.451739367
118.144471043
118.144471043
118.144471043
118.144471043
118.144471043
118.144471043
118.144471043
118.144471043
117.836401494
117.836401494
117.836401494
117.836401494
117.836401494
117.836401494
117.836401494
117.217833434
117.217833434
117.217833434
117.217833434
117.217833434
117.217833434
117.217833434
116.907322071
116.907322071
116.907322071
116.907322071
116.907322071
116.907322071
116.499467324
116.808895405
116.808895405
116.808895405
116.808895405
116.808895405
116.808895405
116.499467324
116.499467324
116.499467324
116.499467324
116.499467324
116.499467324
116.499467324
116.499467324
116.499467324
116.499467324
116.499467324
116.499467324
116.499467324
116.499467324
116.499467324
116.907322071
117.527524419
117.527524419
117.527524419
117.527524419
117.527524419
117.527524419
117.527524419
117.527524419
117.527524419
117.527524419
117.527524419
117.527524419
117.527524419
117.836401494
117.836401494
117.836401494
117.836401494
117.836401494
117.836401494
117.836401494
117.836401494
117.836401494
117.836401494
117.836401494
117.836401494
117.836401494
