21.23
21.23
21.23
21.23
21.23
21.23
21.23
21.23
21.23
21.27
21.27
21.27
21.27
21.27
21.27
21.27
21.31
21.31
21.31
21.31
21.31
21.31
21.31
21.33
21.33
21.33
21.33
21.33
21.36
21.36
21.36
21.36
21.36
21.36
21.36
21.36
21.36
21.39
21.39
21.39
21.39
21.39
21.42
21.42
21.42
21.42
21.42
21.42
21.42
21.42
21.47
21.47
21.47
21.47
21.47
21.52
21.52
21.52
21.52
21.52
21.52
21.52
21.52
21.52
21.56
21.56
21.56
21.56
21.56
21.58
21.58
21.58
21.58
21.58
21.58
21.58
21.58
21.58
21.6
21.6
21.6
21.6
21.6
21.6
21.6
21.63
21.63
21.63
21.63
21.63
21.63
21.63
21.63
21.63
21.65
21.65
21.65
21.67
21.67
21.67
21.67
21.67
21.67
21.67
21.67
21.67
21.68
21.68
21.68
21.68
21.68
21.68
21.68
21.68
21.68
21.68
21.68
21.65
21.65
21.65
21.65
21.65
21.65
21.65
21.65
21.65
21.62
21.62
21.62
21.62
21.62
21.58
21.58
21.58
21.58
21.58
21.58
21.58
21.58
21.58
21.56
21.56
21.56
21.56
21.56
21.54
21.54
21.54
21.54
21.54
21.54
21.54
21.54
21.54
21.53
21.53
21.53
21.53
21.53
21.53
21.51
21.51
21.51
21.51
21.51
21.51
21.52
21.52
21.52
21.52
21.52
21.52
21.52
21.52
21.52
21.54
21.54
21.54
21.54
21.54
21.54
21.54
21.57
21.57
21.57
21.57
21.57
21.6
21.6
21.6
21.6
21.6
21.6
21.6
21.6
21.61
21.61
21.61
21.61
21.61
21.61
21.6
21.6
21.6
21.6
21.6
21.6
21.6
21.6
21.6
21.58
21.58
21.58
21.58
21.58
21.58
21.56
21.56
21.56
21.56
21.56
21.56
21.53
21.53
21.53
21.53
21.53
21.53
21.53
21.53
21.53
21.5
21.5
21.5
21.5
21.5
21.47
21.47
21.47
21.47
21.47
21.47
21.47
21.47
21.47
21.45
21.45
21.45
21.45
21.45
21.45
21.45
21.45
21.45
21.45
21.45
21.45
21.45
21.45
21.47
21.47
21.47
21.47
21.47
21.5
21.5
21.5
21.5
21.5
21.5
21.5
21.5
21.5
21.53
21.53
21.53
21.53
21.53
21.53
21.53
21.55
21.55
21.55
21.55
21.55
21.55
21.55
21.57
21.57
21.57
21.57
21.57
21.6
21.6
21.6
21.6
21.6
21.6
21.6
21.6
21.6
21.6
21.6
21.6
21.6
21.6
21.6
21.58
21.58
21.58
21.58
21.58
21.58
21.55
21.55
21.55
21.55
21.55
21.55
21.55
21.55
21.55
21.53
21.53
21.53
21.53
21.53
21.53
21.53
21.53
21.53
21.53
21.53
21.53
21.53
21.53
21.53
21.53
21.53
21.53
21.53
21.55
21.55
21.55
21.55
21.55
21.55
21.55
21.55
21.55
21.56
21.56
21.56
21.56
21.56
21.59
21.59
21.59
21.59
21.59
21.59
21.59
21.6
21.6
21.6
21.6
21.6
21.6
21.6
21.6
21.6
21.62
21.62
21.62
21.62
21.62
21.6
21.6
21.6
21.6
21.6
21.6
21.6
21.6
21.6
21.56
21.56
21.56
21.56
21.56
21.51
21.51
21.51
21.51
21.51
21.51
21.51
21.51
21.46
21.46
21.46
21.46
21.46
21.46
21.41
21.41
21.41
21.41
21.41
21.41
21.36
21.36
21.36
21.36
21.36
21.36
21.36
21.36
21.33
21.33
21.33
21.33
21.33
21.33
21.29
21.29
21.29
21.29
21.29
21.29
21.29
21.29
21.29
21.27
21.27
21.27
21.27
21.27
21.27
21.27
21.26
21.26
21.26
21.26
21.26
21.26
21.26
21.26
21.26
21.26
21.26
21.26
21.26
21.26
21.28
21.28
21.28
21.28
21.28
21.29
21.29
21.29
21.29
21.29
21.29
21.29
21.29
21.31
21.31
21.31
21.31
21.31
21.31
21.32
21.32
21.32
21.32
21.32
21.32
21.35
21.35
21.35
21.35
21.35
21.35
21.35
21.35
21.35
21.38
21.38
21.38
21.38
21.38
21.41
21.41
21.41
21.41
21.41
21.41
21.41
21.41
21.41
21.46
21.46
21.46
21.46
21.46
21.51
21.51
21.51
21.51
21.51
21.51
21.51
21.51
21.51
21.56
21.56
21.56
21.56
21.56
21.61
21.61
21.61
21.61
21.61
21.61
21.61
21.64
21.64
21.64
21.64
21.64
21.64
21.64
21.64
21.64
21.64
21.66
21.66
21.66
21.66
21.66
21.66
21.66
21.66
21.66
21.66
21.65
21.65
21.65
21.65
21.65
21.65
21.65
21.65
21.65
21.62
21.62
21.62
21.62
21.62
21.62
21.62
21.59
21.59
21.59
21.59
21.59
21.55
21.55
21.55
21.55
21.55
21.55
21.55
21.51
21.51
21.51
21.51
21.51
21.51
21.51
21.47
21.47
21.47
21.47
21.47
21.47
21.47
21.47
21.47
21.45
21.45
21.45
21.45
21.45
21.45
21.44
21.44
21.44
21.44
21.44
21.44
21.44
21.44
21.44
21.44
21.44
