116.906217029
116.906217029
116.906217029
116.906217029
116.906217029
116.576567399
115.807076697
115.807076697
115.807076697
115.807076697
115.807076697
115.807076697
116.9594143
116.9594143
117.619948821
117.619948821
117.619948821
117.619948821
117.619948821
117.948828987
119.09957652
119.09957652
119.09957652
119.09957652
119.09957652
119.09957652
119.09957652
118.717233394
118.717233394
118.717233394
118.717233394
118.717233394
118.717233394
118.717233394
118.717233394
118.717233394
118.717233394
118.717233394
118.717233394
118.717233394
118.386210663
116.848662149
116.848662149
116.848662149
116.848662149
116.848662149
116.848662149
117.234939772
117.234939772
117.234939772
117.234939772
117.234939772
117.234939772
117.234939772
117.234939772
117.234939772
117.234939772
117.234939772
117.234939772
117.234939772
117.234939772
117.234939772
117.234939772
117.234939772
117.234939772
117.234939772
117.234939772
117.234939772
117.234939772
117.234939772
117.234939772
117.234939772
117.234939772
117.234939772
117.234939772
118.003701713
118.003701713
118.003701713
118.003701713
117.619948821
117.619948821
117.619948821
117.619948821
117.619948821
117.619948821
117.619948821
117.619948821
117.619948821
117.619948821
117.619948821
117.619948821
117.619948821
117.619948821
117.619948821
117.619948821
117.234939772
117.234939772
117.234939772
117.234939772
117.234939772
117.234939772
117.234939772
117.234939772
117.234939772
117.234939772
117.234939772
117.234939772
117.234939772
117.234939772
117.619948821
117.619948821
117.948828987
117.948828987
117.948828987
117.948828987
117.619948821
117.234939772
117.234939772
117.234939772
117.234939772
117.234939772
117.234939772
117.234939772
117.234939772
117.234939772
117.234939772
117.234939772
117.234939772
117.234939772
117.234939772
117.234939772
117.234939772
117.234939772
117.234939772
117.234939772
117.234939772
117.234939772
116.848662149
116.848662149
116.848662149
116.848662149
116.848662149
116.848662149
116.521022515
116.134550397
116.134550397
116.134550397
116.134550397
116.134550397
116.134550397
116.134550397
115.746787878
115.746787878
115.746787878
115.746787878
115.746787878
115.746787878
115.746787878
115.746787878
115.746787878
115.746787878
115.746787878
115.746787878
115.746787878
115.746787878
115.746787878
115.746787878
115.746787878
115.746787878
115.746787878
115.746787878
115.420407582
115.420407582
115.420407582
115.420407582
115.420407582
115.420407582
115.420407582
115.420407582
115.420407582
114.643156939
114.643156939
114.643156939
114.643156939
114.643156939
113.860600645
113.537718105
113.537718105
113.537718105
113.537718105
113.537718105
112.889182692
112.107933287
112.107933287
112.107933287
112.107933287
112.107933287
112.107933287
112.107933287
112.430418048
112.82284653
112.82284653
112.82284653
112.82284653
112.82284653
112.82284653
113.145531378
115.093101787
115.093101787
115.093101787
115.093101787
115.093101787
115.093101787
114.706233123
114.706233123
115.032438728
115.032438728
115.032438728
115.032438728
115.032438728
115.357721944
115.746787878
115.746787878
115.746787878
115.746787878
115.746787878
115.746787878
116.134550397
116.134550397
116.134550397
116.134550397
116.134550397
116.134550397
116.134550397
116.46110333
117.234939772
117.234939772
117.234939772
117.234939772
117.234939772
117.234939772
117.234939772
116.848662149
116.848662149
116.848662149
116.848662149
116.848662149
116.848662149
116.848662149
117.234939772
117.234939772
117.234939772
117.234939772
117.234939772
117.234939772
117.234939772
116.848662149
116.848662149
116.848662149
116.848662149
116.848662149
116.848662149
116.521022515
116.134550397
116.134550397
116.134550397
116.134550397
116.134550397
116.134550397
116.134550397
116.134550397
116.134550397
116.134550397
116.134550397
116.134550397
116.134550397
116.134550397
116.46110333
117.234939772
117.234939772
117.234939772
117.234939772
117.234939772
117.234939772
117.234939772
117.234939772
117.234939772
117.234939772
117.234939772
117.234939772
117.234939772
116.848662149
116.848662149
116.848662149
116.848662149
116.848662149
116.848662149
116.46110333
116.46110333
116.134550397
116.134550397
116.134550397
116.134550397
116.134550397
115.357721944
115.357721944
115.032438728
115.032438728
115.032438728
115.032438728
115.032438728
115.357721944
115.357721944
115.357721944
115.357721944
115.357721944
115.357721944
115.357721944
116.134550397
116.134550397
116.134550397
116.134550397
116.134550397
116.134550397
116.134550397
116.46110333
116.46110333
116.46110333
116.46110333
116.46110333
116.46110333
116.46110333
116.46110333
116.46110333
116.46110333
116.46110333
116.46110333
116.46110333
116.46110333
116.07225048
116.07225048
116.07225048
116.07225048
116.07225048
116.07225048
116.07225048
116.396803088
117.562743405
117.562743405
117.562743405
117.562743405
117.562743405
117.562743405
118.3336549
118.662690666
118.662690666
118.662690666
118.662690666
118.662690666
118.662690666
118.662690666
118.276794715
118.276794715
118.276794715
118.276794715
118.276794715
118.276794715
117.889635592
117.889635592
117.562743405
117.562743405
117.562743405
117.562743405
117.562743405
116.906217029
115.746787878
115.746787878
115.746787878
115.746787878
115.746787878
115.746787878
115.746787878
115.746787878
115.746787878
115.746787878
115.746787878
115.746787878
115.746787878
116.07225048
117.234939772
117.234939772
117.234939772
117.234939772
117.234939772
117.234939772
116.848662149
116.848662149
116.848662149
116.848662149
116.848662149
116.848662149
117.234939772
117.234939772
117.234939772
117.234939772
117.234939772
117.234939772
117.234939772
117.234939772
117.234939772
117.234939772
117.234939772
117.562743405
117.562743405
117.562743405
117.889635592
118.662690666
118.662690666
118.662690666
118.662690666
118.662690666
118.662690666
118.662690666
119.047335729
119.047335729
119.047335729
119.047335729
119.047335729
119.047335729
119.047335729
118.662690666
118.662690666
118.662690666
118.662690666
118.662690666
118.662690666
118.662690666
118.276794715
118.276794715
118.276794715
118.276794715
118.276794715
118.276794715
117.948828987
117.948828987
117.948828987
117.948828987
117.948828987
117.948828987
117.948828987
117.948828987
116.786743219
116.786743219
116.786743219
116.786743219
116.786743219
116.786743219
117.175385701
116.848662149
116.848662149
116.848662149
116.848662149
116.848662149
116.848662149
116.848662149
116.848662149
116.848662149
116.848662149
116.848662149
116.848662149
116.46110333
116.46110333
116.46110333
116.46110333
116.46110333
116.46110333
116.46110333
116.786743219
117.175385701
117.175385701
117.175385701
117.175385701
117.175385701
117.175385701
117.175385701
117.175385701
117.175385701
117.175385701
117.175385701
117.175385701
117.175385701
116.848662149
116.46110333
116.46110333
116.46110333
116.46110333
116.46110333
116.46110333
116.46110333
116.07225048
116.07225048
116.07225048
116.07225048
116.07225048
116.07225048
115.746787878
115.746787878
115.746787878
115.746787878
115.746787878
115.746787878
115.746787878
115.746787878
115.357721944
115.357721944
115.357721944
115.357721944
115.357721944
115.357721944
115.746787878
116.07225048
116.07225048
116.07225048
116.848662149
116.848662149
116.848662149
116.848662149
116.848662149
116.848662149
116.848662149
116.848662149
116.848662149
116.848662149
116.46110333
116.46110333
116.46110333
116.46110333
116.46110333
116.46110333
116.46110333
116.46110333
116.46110333
116.46110333
116.46110333
116.46110333
116.46110333
116.134550397
115.357721944
115.357721944
115.357721944
115.357721944
115.357721944
115.357721944
115.032438728
114.643156939
114.643156939
114.643156939
114.643156939
114.643156939
114.643156939
116.192459049
116.192459049
116.848662149
116.848662149
116.848662149
116.848662149
116.848662149
116.848662149
117.234939772
117.234939772
117.234939772
117.234939772
117.234939772
117.234939772
117.234939772
116.848662149
116.848662149
116.848662149
116.848662149
116.848662149
116.848662149
117.175385701
117.175385701
117.175385701
117.175385701
117.175385701
117.175385701
117.175385701
117.175385701
117.562743405
117.562743405
117.562743405
117.562743405
117.562743405
117.562743405
117.175385701
117.175385701
116.848662149
116.848662149
116.848662149
116.848662149
116.07225048
116.07225048
116.07225048
116.07225048
116.07225048
116.07225048
116.07225048
116.07225048
