53.61
53.61
53.61
53.61
53.72
53.72
53.72
53.72
53.72
53.72
54.4
54.4
54.4
54.4
54.4
54.4
54.4
54.4
55.12
55.12
55.12
55.12
55.12
55.12
55.12
55.64
55.64
55.64
55.64
55.64
55.64
55.64
55.94
55.94
55.94
55.94
55.94
55.94
56.15
56.15
56.15
56.15
56.15
56.15
56.15
56.41
56.41
56.41
56.41
56.41
56.41
56.67
56.67
56.67
56.67
56.67
56.67
56.67
56.67
56.74
56.74
56.74
56.74
56.74
56.74
56.84
56.84
56.84
56.84
56.84
56.84
56.84
56.84
56.96
56.96
56.96
56.96
56.96
56.96
56.96
56.95
56.95
56.95
56.95
56.95
56.95
57.02
57.02
57.02
57.02
57.02
57.03
57.03
57.03
57.03
57.03
57.03
57.03
57.03
57.03
57.03
57.05
57.05
57.05
57.05
57.05
57.05
57.07
57.07
57.07
57.07
57.07
57.07
57.07
57.02
57.02
57.02
57.02
57.02
57.02
57.02
56.98
56.98
56.98
56.98
56.98
56.98
56.98
56.98
56.98
56.98
56.98
56.98
56.98
56.98
56.97
56.97
56.97
56.97
56.97
56.97
56.97
56.97
56.97
56.97
56.97
56.97
56.97
56.97
56.97
56.97
56.97
56.97
56.97
56.97
57.0
57.0
57.0
57.0
57.0
57.0
57.0
57.0
57.0
57.0
57.0
57.0
57.0
57.0
57.0
57.0
57.0
57.0
57.0
57.0
57.0
56.95
56.95
56.95
56.95
56.95
56.95
56.95
56.96
56.96
56.96
56.96
56.96
56.96
56.96
56.96
56.96
56.96
56.93
56.93
56.93
56.93
57.01
57.01
57.01
57.01
57.01
57.01
57.01
57.01
57.15
57.15
57.15
57.15
57.15
57.15
57.06
57.06
57.06
57.06
57.06
57.06
57.06
57.06
57.04
57.04
57.04
57.04
57.04
57.04
57.09
57.09
57.09
57.09
57.09
57.09
57.09
57.12
57.12
57.12
57.12
57.12
57.12
57.12
57.12
57.03
57.03
57.03
57.03
57.03
57.03
56.98
56.98
56.98
56.98
56.98
56.98
56.98
56.98
56.94
56.94
56.94
56.94
56.94
56.94
56.92
56.92
56.92
56.92
56.92
56.92
56.92
56.92
56.94
56.94
56.94
56.94
56.94
56.94
56.94
56.94
56.94
56.94
56.94
56.94
56.94
56.94
56.92
56.92
56.92
56.92
56.92
56.92
56.92
56.88
56.88
56.88
56.88
56.88
56.88
56.85
56.85
56.85
56.85
56.85
56.85
56.85
56.86
56.86
56.86
56.86
56.86
56.86
56.86
56.86
56.9
56.9
56.9
56.9
56.9
56.9
56.94
56.94
56.94
56.94
56.94
56.94
56.94
56.93
56.93
56.93
56.93
56.93
56.93
56.93
56.93
56.9
56.9
56.9
56.9
56.9
56.9
56.88
56.88
56.88
56.88
56.88
56.88
56.88
56.88
56.94
56.94
56.94
56.94
56.94
56.94
56.95
56.95
56.95
56.95
56.95
56.95
56.95
56.95
56.89
56.89
56.89
56.89
56.89
56.89
56.83
56.83
56.83
56.83
56.83
56.83
56.83
56.76
56.76
56.76
56.76
56.76
56.76
56.76
56.76
56.8
56.8
56.8
56.8
56.8
56.8
56.89
56.89
56.89
56.89
56.89
56.89
56.89
56.87
56.87
56.87
56.87
56.87
56.87
56.86
56.86
56.86
56.86
56.86
56.86
56.9
56.9
56.9
56.9
56.9
56.9
56.9
56.9
56.91
56.91
56.91
56.91
56.91
56.91
56.91
56.91
56.91
56.91
56.91
56.91
56.91
56.86
56.86
56.86
56.86
56.86
56.86
56.86
56.86
56.86
56.8
56.8
56.8
56.8
56.8
56.8
56.8
56.8
56.8
56.8
56.8
56.8
56.8
56.8
56.73
56.73
56.73
56.73
56.73
56.73
56.76
56.76
56.76
56.76
56.76
56.76
56.76
56.78
56.78
56.78
56.78
56.78
56.78
56.75
56.75
56.75
56.75
56.75
56.75
56.75
56.75
56.79
56.79
56.79
56.79
56.79
56.79
56.78
56.78
56.78
56.78
56.78
56.78
56.78
56.75
56.75
56.75
56.75
56.75
56.75
56.75
56.75
56.77
56.77
56.77
56.77
56.77
56.77
56.79
56.79
56.79
56.79
56.79
56.79
56.79
56.79
56.79
56.79
56.79
56.79
56.79
56.79
56.82
56.82
56.82
56.82
56.82
56.82
56.82
56.94
56.94
56.94
56.94
56.94
56.94
56.94
56.91
56.91
56.91
56.91
56.91
56.91
56.91
56.91
56.91
56.91
56.91
56.91
56.91
56.9
56.9
56.9
56.9
56.9
56.9
56.9
56.9
56.87
56.87
56.87
56.87
56.87
56.87
56.96
56.96
56.96
56.96
56.96
56.96
56.96
56.93
56.93
56.93
56.93
56.93
56.93
56.93
56.93
56.86
56.86
56.86
56.86
56.86
56.86
56.87
56.87
56.87
56.87
56.87
56.87
56.87
56.87
56.89
56.89
56.89
56.89
56.89
56.89
56.88
56.88
56.88
56.88
56.88
56.88
56.88
56.88
56.88
56.85
56.85
56.85
56.85
56.85
56.86
56.86
