18.14
18.14
18.14
18.14
18.14
18.12
18.12
18.12
18.12
18.12
18.12
18.12
18.12
18.12
18.12
18.12
18.12
18.12
18.12
18.12
18.12
18.12
18.12
18.12
18.12
18.12
18.13
18.13
18.13
18.13
18.13
18.12
18.12
18.12
18.12
18.12
18.12
18.12
18.12
18.12
18.1
18.1
18.1
18.1
18.1
18.1
18.1
18.1
18.1
18.08
18.08
18.08
18.08
18.08
18.08
18.08
18.08
18.08
18.08
18.08
18.06
18.06
18.06
18.06
18.06
18.04
18.04
18.04
18.04
18.04
18.04
18.04
18.04
18.04
18.03
18.03
18.03
18.03
18.03
18.02
18.02
18.02
18.02
18.02
18.02
18.02
18.02
18.02
18.02
18.02
18.02
18.02
18.02
18.02
18.02
18.02
18.02
18.02
18.02
18.02
18.01
18.01
18.01
18.01
18.01
18.01
18.01
18.01
18.01
18.01
18.01
18.01
18.01
18.01
18.03
18.03
18.03
18.03
18.03
18.03
18.03
18.03
18.03
18.03
18.03
18.03
18.03
18.03
18.02
18.02
18.02
18.02
18.02
18.02
18.02
18.02
18.02
18.02
18.02
18.02
18.02
18.02
18.01
18.01
18.01
18.01
18.01
18.01
18.01
18.01
18.01
17.99
17.99
17.99
17.99
17.99
17.99
17.97
17.97
17.97
17.97
17.97
17.97
17.97
17.97
17.97
17.97
17.97
17.97
17.97
17.96
17.96
17.96
17.96
17.96
17.96
17.96
17.96
17.96
17.95
17.95
17.95
17.95
17.95
17.95
17.95
17.95
17.95
17.95
17.95
17.95
17.95
17.95
17.95
17.95
17.95
17.95
17.95
17.95
17.95
17.95
17.95
17.95
17.95
17.95
17.95
17.97
17.97
17.97
17.97
17.97
17.99
17.99
17.99
17.99
17.99
17.99
17.99
17.99
17.99
17.99
17.99
17.99
17.99
17.99
17.99
17.99
17.99
17.99
17.99
17.99
17.99
17.99
17.99
17.96
17.96
17.96
17.96
17.96
17.93
17.93
17.93
17.93
17.93
17.93
17.93
17.93
17.93
17.93
17.92
17.92
17.92
17.92
17.92
17.92
17.91
17.91
17.91
17.91
17.91
17.94
17.94
17.94
17.94
17.94
17.94
17.94
17.94
17.94
17.97
17.97
17.97
17.97
17.97
17.97
17.97
17.98
17.98
17.98
17.98
17.98
17.97
17.97
17.97
17.97
17.97
17.97
17.97
17.97
17.97
17.96
17.96
17.96
17.96
17.96
17.95
17.95
17.95
17.95
17.95
17.95
17.95
17.95
17.95
17.94
17.94
17.94
17.94
17.94
17.91
17.91
17.91
17.91
17.91
17.91
17.91
17.91
17.91
17.91
17.91
17.91
17.91
17.91
17.89
17.89
17.89
17.89
17.89
17.89
17.89
17.89
17.89
17.86
17.86
17.86
17.86
17.86
17.86
17.86
17.85
17.85
17.85
17.85
17.85
17.85
17.84
17.84
17.84
17.84
17.84
17.84
17.85
17.85
17.85
17.85
17.85
17.85
17.85
17.85
17.85
17.85
17.85
17.85
17.85
17.85
17.84
17.84
17.84
17.84
17.84
17.84
17.84
17.84
17.84
17.84
17.84
17.84
17.84
17.84
17.85
17.85
17.85
17.85
17.85
17.85
17.85
17.85
17.85
17.87
17.87
17.87
17.87
17.87
17.86
17.86
17.86
17.86
17.86
17.86
17.84
17.84
17.84
17.84
17.84
17.84
17.84
17.84
17.84
17.83
17.83
17.83
17.83
17.83
17.83
17.8
17.8
17.8
17.8
17.8
17.8
17.78
17.78
17.78
17.78
17.78
17.78
17.78
17.78
17.78
17.77
17.77
17.77
17.77
17.77
17.76
17.76
17.76
17.76
17.76
17.76
17.76
17.76
17.76
17.76
17.76
17.76
17.76
17.76
17.75
17.75
17.75
17.75
17.75
17.75
17.75
17.75
17.75
17.73
17.73
17.73
17.73
17.71
17.71
17.71
17.71
17.71
17.71
17.71
17.71
17.71
17.7
17.7
17.7
17.7
17.7
17.7
17.7
17.7
17.7
17.7
17.7
17.7
17.7
17.7
17.7
17.7
17.7
17.7
17.7
17.7
17.7
17.7
17.7
17.7
17.7
17.7
17.69
17.69
17.69
17.69
17.69
17.69
17.69
17.69
17.69
17.69
17.69
17.69
