54.72
54.72
54.72
54.72
54.72
54.72
55.1
55.1
55.1
55.1
55.1
55.1
55.1
55.1
55.41
55.41
55.41
55.41
55.41
55.41
55.66
55.66
55.66
55.66
55.66
55.66
55.66
55.66
55.9
55.9
55.9
55.9
55.9
55.9
55.9
56.07
56.07
56.07
56.07
56.07
56.07
56.12
56.12
56.12
56.12
56.12
56.12
56.12
56.17
56.17
56.17
56.17
56.17
56.17
56.17
56.25
56.25
56.25
56.25
56.25
56.25
56.24
56.24
56.24
56.24
56.24
56.24
56.24
56.24
56.28
56.28
56.28
56.28
56.28
56.28
56.31
56.31
56.31
56.31
56.31
56.31
56.31
56.31
56.38
56.38
56.38
56.38
56.38
56.38
56.4
56.4
56.4
56.4
56.4
56.4
56.4
56.4
56.44
56.44
56.44
56.44
56.44
56.44
56.49
56.49
56.49
56.49
56.49
56.49
56.49
56.48
56.48
56.48
56.48
56.48
56.48
56.48
56.48
56.51
56.51
56.51
56.51
56.51
56.51
56.57
56.57
56.57
56.57
56.57
56.57
56.57
56.57
56.63
56.63
56.63
56.63
56.63
56.63
56.63
56.63
56.63
56.63
56.63
56.63
56.63
56.63
56.57
56.57
56.57
56.57
56.57
56.57
56.5
56.5
56.5
56.5
56.5
56.5
56.5
56.5
56.5
56.5
56.51
56.61
56.61
56.61
56.61
56.61
56.61
56.61
56.61
56.61
56.61
56.61
56.69
56.69
56.69
56.69
56.69
56.69
56.71
56.71
56.71
56.71
56.64
56.64
56.64
56.64
56.64
56.64
56.64
56.64
56.64
56.64
56.61
56.61
56.61
56.61
56.61
56.61
56.66
56.66
56.66
56.66
56.66
56.66
56.66
56.66
56.61
56.61
56.61
56.61
56.61
56.61
56.61
56.61
56.61
56.61
56.61
56.61
56.61
56.52
56.52
56.52
56.52
56.52
56.52
56.52
56.52
56.47
56.47
56.47
56.47
56.47
56.47
56.49
56.49
56.49
56.49
56.49
56.49
56.49
56.49
56.54
56.54
56.54
56.54
56.54
56.54
56.54
56.55
56.55
56.55
56.55
56.55
56.55
56.59
56.59
56.59
56.59
56.59
56.59
56.59
56.59
56.67
56.67
56.67
56.67
56.67
56.67
56.68
56.68
56.68
56.68
56.68
56.68
56.68
56.68
56.67
56.67
56.67
56.67
56.67
56.67
56.67
56.72
56.72
56.72
56.72
56.72
56.72
56.78
56.78
56.78
56.78
56.78
56.78
56.78
56.78
56.72
56.72
56.72
56.72
56.72
56.72
56.71
56.71
56.71
56.71
56.71
56.71
56.71
56.71
56.71
56.71
56.71
56.71
56.71
56.71
56.79
56.79
56.79
56.79
56.79
56.79
56.79
56.79
56.9
56.9
56.9
56.9
56.9
56.9
56.9
56.98
56.98
56.98
56.98
56.98
56.98
57.01
57.01
57.01
57.01
57.01
57.01
57.01
57.01
56.93
56.93
56.93
56.93
56.93
56.93
56.93
56.93
56.93
56.93
56.93
56.93
56.93
56.96
56.96
56.96
56.96
56.96
56.96
56.96
56.96
56.97
56.97
56.97
56.97
56.97
56.97
56.95
56.95
56.95
56.95
56.95
56.95
56.95
56.95
56.93
56.93
56.93
56.93
56.93
56.93
57.02
57.02
57.02
57.02
57.02
57.02
57.03
57.03
57.03
57.03
57.03
57.03
57.03
57.03
57.0
57.0
57.0
57.0
57.0
57.0
56.99
56.99
56.99
56.99
56.99
56.99
56.99
56.99
56.99
56.99
56.99
56.99
56.99
56.99
56.99
56.99
56.99
56.99
56.99
56.99
56.99
57.0
57.0
57.0
57.0
57.0
57.0
57.0
57.0
56.99
56.99
56.99
56.99
56.99
56.99
56.99
56.99
56.99
56.99
56.99
56.99
56.99
56.99
56.95
56.95
56.95
56.95
56.95
56.95
56.94
56.94
56.94
56.94
56.94
56.94
56.94
56.98
56.98
56.98
56.98
56.98
56.98
57.03
57.03
57.03
57.03
57.03
57.03
57.03
57.03
57.08
57.08
57.08
57.08
57.08
57.08
57.15
57.15
57.15
57.15
57.15
57.15
57.15
56.67
56.67
56.67
56.67
56.67
56.67
56.67
56.67
55.85
55.85
55.85
55.85
55.85
55.85
55.18
55.18
