118.86354555
118.86354555
118.86354555
118.86354555
118.86354555
118.86354555
118.86354555
118.86354555
118.451739367
117.836401494
117.836401494
117.836401494
117.836401494
117.836401494
117.836401494
117.836401494
117.217833434
117.217833434
117.217833434
117.217833434
117.217833434
117.217833434
117.217833434
117.217833434
117.217833434
117.217833434
117.217833434
117.217833434
117.217833434
117.625349853
118.24606841
118.24606841
118.24606841
118.24606841
118.24606841
118.24606841
118.86354555
118.86354555
118.86354555
118.86354555
118.86354555
118.86354555
118.86354555
118.555208985
118.555208985
118.555208985
118.555208985
118.555208985
118.555208985
118.555208985
118.555208985
118.555208985
118.24606841
118.24606841
118.24606841
118.24606841
118.24606841
118.24606841
118.24606841
118.24606841
118.24606841
118.24606841
118.24606841
117.836401494
117.527524419
117.527524419
117.527524419
117.527524419
117.527524419
117.527524419
117.527524419
116.907322071
116.907322071
116.907322071
116.907322071
116.907322071
116.907322071
116.907322071
116.595983777
116.595983777
116.595983777
116.595983777
116.595983777
116.595983777
116.595983777
116.595983777
116.595983777
116.595983777
116.595983777
116.595983777
116.595983777
116.283811908
116.283811908
115.878132401
115.878132401
115.878132401
115.878132401
115.878132401
115.878132401
114.939832486
114.939832486
114.939832486
114.939832486
114.939832486
114.939832486
115.253447891
115.253447891
115.253447891
115.253447891
115.253447891
115.253447891
115.253447891
115.253447891
115.253447891
115.253447891
115.253447891
115.253447891
115.253447891
115.253447891
114.84853789
114.536024282
114.536024282
114.536024282
114.536024282
114.536024282
114.536024282
114.939832486
114.939832486
114.939832486
114.939832486
114.939832486
114.939832486
114.939832486
114.939832486
115.566212233
115.566212233
115.566212233
115.566212233
115.566212233
115.566212233
115.566212233
115.878132401
115.878132401
115.878132401
115.878132401
115.878132401
115.878132401
115.878132401
115.566212233
115.566212233
115.566212233
115.566212233
115.566212233
115.566212233
114.310020444
114.310020444
113.908424905
113.908424905
113.908424905
113.908424905
113.908424905
113.277348443
113.277348443
113.277348443
113.277348443
113.277348443
113.277348443
113.277348443
113.277348443
113.908424905
113.908424905
113.908424905
113.908424905
113.908424905
113.908424905
113.908424905
114.222655639
114.222655639
114.222655639
114.222655639
114.222655639
114.84853789
114.84853789
114.84853789
114.84853789
114.84853789
114.84853789
114.84853789
114.222655639
114.222655639
114.222655639
114.222655639
114.222655639
114.222655639
114.222655639
114.222655639
114.222655639
114.222655639
114.222655639
114.222655639
114.222655639
114.222655639
114.536024282
114.536024282
114.939832486
114.939832486
114.939832486
114.939832486
114.939832486
114.939832486
115.253447891
115.253447891
115.253447891
115.253447891
115.253447891
115.253447891
116.189215195
116.189215195
116.595983777
116.595983777
116.595983777
116.595983777
116.595983777
116.189215195
115.566212233
115.566212233
115.566212233
115.566212233
115.566212233
115.566212233
115.160203423
113.908424905
113.908424905
113.908424905
113.908424905
113.908424905
113.908424905
113.908424905
113.593324924
113.593324924
113.593324924
113.593324924
113.593324924
113.593324924
113.593324924
112.960488106
112.960488106
112.960488106
112.960488106
112.960488106
112.960488106
112.560825657
112.244198235
112.244198235
112.244198235
112.244198235
112.244198235
112.244198235
112.244198235
111.926675114
111.926675114
111.926675114
111.926675114
111.926675114
111.926675114
111.926675114
112.244198235
112.244198235
112.244198235
112.244198235
112.244198235
112.244198235
112.244198235
112.244198235
112.244198235
112.244198235
112.244198235
112.244198235
112.244198235
112.244198235
111.28891109
111.28891109
111.28891109
111.28891109
111.28891109
111.28891109
111.28891109
111.28891109
111.28891109
111.28891109
111.28891109
111.28891109
111.28891109
111.28891109
111.926675114
111.926675114
111.926675114
111.926675114
111.926675114
111.926675114
111.52784831
110.253202468
110.253202468
110.253202468
110.253202468
110.253202468
110.253202468
109.857518955
108.57259149
108.57259149
108.57259149
108.57259149
108.57259149
108.57259149
108.57259149
107.924391121
107.924391121
107.924391121
107.924391121
107.924391121
107.924391121
108.895244776
109.287462381
109.287462381
109.287462381
109.287462381
109.287462381
109.287462381
109.6782775
110.968654567
110.968654567
110.968654567
110.968654567
110.968654567
110.968654567
111.362663797
112.642736455
112.642736455
112.642736455
112.642736455
112.642736455
112.642736455
113.908424905
113.908424905
113.908424905
113.908424905
113.908424905
113.908424905
113.908424905
113.908424905
113.593324924
113.593324924
113.593324924
113.593324924
113.593324924
113.593324924
113.277348443
113.277348443
113.277348443
113.277348443
113.277348443
113.277348443
113.277348443
113.277348443
112.960488106
112.960488106
112.960488106
112.960488106
112.960488106
112.960488106
112.960488106
112.960488106
112.960488106
112.960488106
112.960488106
112.960488106
112.960488106
112.560825657
111.926675114
111.926675114
111.926675114
111.926675114
111.926675114
111.926675114
112.324085926
112.004528846
112.004528846
112.004528846
112.004528846
112.004528846
112.399412009
113.676719059
113.676719059
113.676719059
113.676719059
113.676719059
113.676719059
113.676719059
114.310020444
114.310020444
114.310020444
114.310020444
114.310020444
114.310020444
114.310020444
114.625359031
114.625359031
114.625359031
114.625359031
114.625359031
114.625359031
114.625359031
114.625359031
114.625359031
114.625359031
114.625359031
114.625359031
114.625359031
114.625359031
114.310020444
114.310020444
114.310020444
114.310020444
114.310020444
114.310020444
114.310020444
114.310020444
114.310020444
114.310020444
114.310020444
114.310020444
114.310020444
114.310020444
113.993809547
113.993809547
113.993809547
113.993809547
113.993809547
113.993809547
113.993809547
113.993809547
113.993809547
113.993809547
113.993809547
113.993809547
113.993809547
113.593324924
112.960488106
112.960488106
112.960488106
112.960488106
112.960488106
112.960488106
112.560825657
110.968654567
110.968654567
110.968654567
110.968654567
110.968654567
110.573241464
109.932231765
109.932231765
109.932231765
109.932231765
109.932231765
109.932231765
109.932231765
109.932231765
109.932231765
109.932231765
109.932231765
109.932231765
109.932231765
110.253202468
110.253202468
110.647471101
110.647471101
110.647471101
110.647471101
110.647471101
110.647471101
110.968654567
110.968654567
110.968654567
110.968654567
110.968654567
110.968654567
110.968654567
110.968654567
110.968654567
110.968654567
110.968654567
110.968654567
110.968654567
110.968654567
111.28891109
111.28891109
111.28891109
111.28891109
111.28891109
111.28891109
111.684057434
112.324085926
112.324085926
112.324085926
112.324085926
112.324085926
112.324085926
