21.4
21.4
21.4
21.4
21.4
21.39
21.39
21.39
21.39
21.39
21.4
21.4
21.4
21.4
21.4
21.4
21.4
21.4
21.4
21.4
21.4
21.4
21.4
21.4
21.39
21.39
21.39
21.39
21.39
21.39
21.39
21.39
21.39
21.38
21.38
21.38
21.38
21.38
21.38
21.38
21.36
21.36
21.36
21.36
21.34
21.34
21.34
21.34
21.34
21.34
21.34
21.34
21.34
21.33
21.33
21.33
21.33
21.33
21.33
21.33
21.31
21.31
21.31
21.31
21.31
21.31
21.31
21.31
21.31
21.31
21.31
21.31
21.31
21.31
21.3
21.3
21.3
21.3
21.3
21.29
21.29
21.29
21.29
21.29
21.29
21.29
21.29
21.29
21.28
21.28
21.28
21.28
21.28
21.27
21.27
21.27
21.27
21.27
21.27
21.27
21.27
21.27
21.27
21.27
21.27
21.27
21.27
21.29
21.29
21.29
21.29
21.29
21.29
21.34
21.34
21.34
21.34
21.34
21.34
21.34
21.34
21.34
21.39
21.39
21.39
21.39
21.39
21.42
21.42
21.42
21.42
21.42
21.42
21.42
21.42
21.42
21.42
21.42
21.42
21.42
21.42
21.42
21.42
21.4
21.4
21.4
21.4
21.4
21.38
21.38
21.38
21.38
21.38
21.38
21.38
21.38
21.38
21.38
21.38
21.38
21.38
21.38
21.39
21.39
21.39
21.39
21.39
21.39
21.39
21.39
21.39
21.43
21.43
21.43
21.43
21.43
21.47
21.47
21.47
21.47
21.47
21.47
21.51
21.51
21.51
21.51
21.51
21.51
21.51
21.51
21.51
21.55
21.55
21.55
21.55
21.55
21.55
21.55
21.57
21.57
21.57
21.57
21.57
21.57
21.6
21.6
21.6
21.6
21.6
21.6
21.62
21.62
21.62
21.62
21.62
21.62
21.62
21.62
21.62
21.62
21.62
21.62
21.62
21.62
21.62
21.62
21.6
21.6
21.6
21.6
21.6
21.58
21.58
21.58
21.58
21.58
21.58
21.58
21.58
21.58
21.55
21.55
21.55
21.55
21.55
21.53
21.53
21.53
21.53
21.53
21.53
21.53
21.53
21.53
21.52
21.52
21.52
21.52
21.52
21.5
21.5
21.5
21.5
21.5
21.5
21.5
21.5
21.5
21.49
21.49
21.49
21.49
21.49
21.49
21.49
21.49
21.49
21.49
21.49
21.49
21.49
21.49
21.52
21.52
21.52
21.52
21.52
21.52
21.52
21.55
21.55
21.55
21.55
21.55
21.59
21.59
21.59
21.59
21.59
21.59
21.59
21.59
21.59
21.64
21.64
21.64
21.64
21.64
21.67
21.67
21.67
21.67
21.67
21.67
21.67
21.67
21.67
21.69
21.69
21.69
21.69
21.69
21.69
21.69
21.69
21.69
21.69
21.69
21.69
21.69
21.69
21.69
21.67
21.67
21.67
21.67
21.67
21.65
21.65
21.65
21.65
21.65
21.64
21.64
21.64
21.64
21.64
21.64
21.64
21.64
21.64
21.64
21.64
21.65
21.65
21.65
21.65
21.65
21.66
21.66
21.66
21.66
21.66
21.66
21.67
21.67
21.67
21.67
21.67
21.67
21.68
21.68
21.68
21.68
21.68
21.69
21.69
21.69
21.69
21.69
21.69
21.69
21.69
21.69
21.69
21.69
21.69
21.69
21.69
21.69
21.69
21.69
21.69
21.69
21.69
21.7
21.7
21.7
21.7
21.7
21.7
21.7
21.7
21.7
21.7
21.7
21.7
21.7
21.7
21.7
21.7
21.7
21.7
21.7
21.71
21.71
21.71
21.71
21.71
21.71
21.73
21.73
21.73
21.73
21.73
21.73
21.75
21.75
21.75
21.75
21.75
21.75
21.75
21.75
21.75
21.78
21.78
21.78
21.78
21.78
21.78
21.78
21.78
21.78
21.78
21.78
21.78
21.78
21.78
21.75
21.75
21.75
21.75
21.75
21.73
21.73
21.73
21.73
21.73
21.73
21.73
21.73
21.73
21.7
21.7
21.7
21.7
21.7
21.7
21.7
21.7
21.7
21.7
21.7
21.7
21.7
21.7
21.72
21.72
21.72
21.72
21.72
21.72
21.72
21.73
21.73
21.73
21.73
21.73
21.73
21.73
21.73
21.73
21.73
21.73
21.73
21.72
21.72
21.72
21.72
21.72
21.72
21.72
21.72
21.72
21.7
21.7
21.7
21.7
21.7
21.69
21.69
21.69
21.69
21.69
21.69
21.69
21.69
21.69
21.68
21.68
21.68
21.68
21.68
21.68
21.68
21.68
21.68
21.68
21.68
21.68
21.68
21.69
21.69
21.69
21.69
21.69
21.71
21.71
21.71
21.71
21.71
21.71
21.71
21.71
21.71
21.72
21.72
21.72
21.72
21.72
21.72
21.72
21.72
21.72
21.72
21.72
21.72
21.73
21.73
21.73
21.73
21.73
21.73
21.73
21.73
21.73
21.74
21.74
21.74
21.74
21.74
21.76
21.76
21.76
21.76
21.76
21.76
21.76
21.76
21.76
21.8
21.8
21.8
21.8
21.8
21.85
21.85
21.85
21.85
21.85
21.85
21.85
21.85
21.85
21.89
21.89
21.89
21.89
21.93
21.93
21.93
21.93
21.93
21.93
21.93
21.93
21.93
21.97
21.97
21.97
21.97
21.97
21.97
22.0
22.0
22.0
22.0
22.0
22.0
22.02
22.02
22.02
22.02
22.02
22.02
22.02
22.02
22.02
22.02
22.02
22.02
22.02
22.02
22.01
22.01
22.01
22.01
22.01
22.01
22.01
22.01
22.01
22.0
22.0
22.0
22.0
22.0
21.98
21.98
21.98
21.98
21.98
21.98
21.98
21.98
21.98
21.97
21.97
21.97
21.97
21.97
21.96
21.96
21.96
21.96
21.96
21.96
21.96
21.96
21.97
21.97
21.97
21.97
21.97
21.97
22.0
22.0
22.0
22.0
22.0
22.0
22.01
22.01
22.01
22.01
22.01
22.01
22.01
22.01
22.01
22.0
22.0
22.0
22.0
22.0
21.99
21.99
21.99
21.99
21.99
21.99
21.99
21.99
21.99
21.96
21.96
21.96
21.96
21.96
21.92
21.92
21.92
21.92
21.92
21.92
21.92
21.92
21.92
21.89
21.89
21.89
21.89
21.89
21.89
21.89
21.89
21.89
21.89
21.89
21.89
21.89
21.89
21.87
21.87
21.87
21.87
21.87
21.87
21.89
