116.848662149
117.234939772
117.234939772
117.234939772
117.234939772
117.234939772
117.234939772
117.234939772
117.234939772
116.46110333
116.46110333
116.46110333
116.46110333
116.46110333
116.46110333
116.46110333
116.46110333
116.46110333
116.46110333
116.46110333
116.46110333
116.46110333
116.786743219
117.948828987
117.948828987
117.948828987
117.948828987
117.948828987
117.948828987
117.948828987
117.948828987
117.948828987
117.948828987
117.948828987
117.948828987
117.948828987
117.948828987
117.948828987
117.948828987
117.948828987
117.948828987
117.948828987
117.562743405
117.562743405
117.562743405
117.562743405
117.562743405
117.562743405
117.562743405
117.234939772
116.848662149
116.848662149
116.848662149
116.848662149
116.848662149
116.848662149
116.848662149
116.848662149
116.848662149
116.848662149
116.848662149
116.848662149
116.848662149
116.848662149
116.848662149
116.848662149
116.848662149
116.848662149
116.848662149
116.848662149
117.619948821
117.619948821
117.619948821
117.619948821
117.619948821
117.619948821
117.619948821
117.619948821
117.234939772
117.234939772
117.234939772
117.234939772
117.234939772
117.234939772
117.234939772
116.848662149
116.848662149
116.848662149
116.848662149
116.848662149
116.848662149
116.848662149
116.848662149
116.848662149
116.848662149
116.848662149
116.848662149
116.848662149
116.848662149
116.46110333
116.46110333
116.46110333
116.46110333
116.46110333
116.46110333
116.07225048
115.746787878
115.746787878
115.746787878
115.746787878
115.746787878
115.746787878
116.134550397
116.134550397
116.134550397
116.134550397
116.134550397
116.134550397
115.746787878
115.746787878
115.746787878
115.746787878
115.746787878
115.746787878
115.746787878
115.746787878
115.357721944
115.357721944
115.357721944
115.357721944
115.357721944
115.357721944
114.967339362
114.967339362
114.967339362
114.643156939
114.643156939
114.643156939
114.643156939
113.860600645
113.860600645
113.537718105
113.537718105
113.537718105
113.537718105
113.537718105
113.860600645
114.252548795
114.252548795
114.252548795
114.252548795
114.252548795
114.252548795
114.252548795
114.643156939
114.643156939
114.643156939
114.643156939
114.643156939
114.643156939
114.967339362
114.967339362
114.967339362
114.967339362
114.967339362
114.967339362
114.967339362
114.967339362
115.357721944
115.357721944
115.357721944
115.357721944
115.357721944
115.357721944
114.182570194
113.860600645
113.860600645
113.860600645
113.860600645
113.860600645
113.860600645
114.643156939
114.643156939
114.643156939
114.643156939
114.643156939
114.643156939
114.967339362
115.357721944
115.357721944
115.357721944
115.357721944
115.357721944
115.357721944
115.357721944
115.682090551
116.07225048
116.07225048
116.07225048
116.07225048
116.07225048
115.682090551
115.682090551
115.682090551
115.682090551
115.682090551
115.682090551
115.682090551
115.290610273
114.967339362
114.967339362
114.967339362
114.967339362
114.967339362
114.967339362
114.967339362
114.967339362
114.967339362
114.967339362
114.967339362
114.967339362
114.967339362
115.357721944
115.357721944
115.357721944
115.357721944
115.357721944
115.357721944
115.357721944
115.357721944
114.967339362
114.967339362
114.967339362
114.967339362
114.967339362
114.967339362
114.967339362
114.967339362
114.643156939
114.643156939
114.643156939
114.643156939
114.643156939
114.643156939
114.252548795
114.252548795
114.252548795
114.252548795
114.252548795
114.252548795
114.575626675
114.967339362
114.967339362
114.967339362
114.967339362
114.967339362
114.967339362
114.967339362
114.967339362
114.967339362
114.967339362
114.967339362
114.967339362
114.967339362
115.290610273
115.682090551
115.682090551
115.682090551
115.682090551
115.682090551
115.682090551
116.07225048
116.07225048
116.07225048
116.07225048
116.07225048
116.07225048
116.07225048
116.07225048
115.682090551
115.682090551
115.682090551
115.682090551
115.682090551
115.682090551
115.682090551
115.682090551
115.682090551
115.682090551
115.682090551
115.682090551
115.682090551
116.005552222
116.396803088
116.396803088
116.396803088
116.396803088
116.396803088
116.396803088
116.396803088
116.396803088
116.396803088
116.396803088
116.396803088
116.396803088
116.396803088
116.396803088
116.005552222
116.005552222
116.005552222
116.005552222
116.005552222
116.005552222
115.682090551
115.290610273
115.290610273
115.290610273
115.290610273
115.290610273
115.290610273
115.290610273
115.290610273
115.290610273
115.290610273
115.290610273
115.290610273
115.612977316
116.005552222
116.005552222
116.005552222
116.005552222
116.005552222
116.005552222
116.005552222
116.786743219
116.786743219
116.786743219
116.786743219
116.786743219
116.786743219
116.786743219
116.396803088
116.396803088
116.396803088
116.396803088
116.396803088
116.396803088
116.396803088
116.005552222
116.005552222
116.005552222
116.005552222
116.005552222
116.005552222
115.682090551
115.290610273
115.290610273
115.290610273
115.290610273
115.290610273
115.290610273
114.897796149
114.897796149
114.575626675
114.575626675
114.575626675
114.575626675
114.575626675
114.252548795
113.072628544
113.072628544
113.072628544
113.072628544
113.072628544
113.072628544
113.072628544
113.072628544
113.072628544
113.072628544
113.072628544
113.467298604
113.467298604
113.467298604
113.788155992
113.788155992
113.788155992
113.788155992
113.788155992
113.788155992
114.967339362
114.967339362
115.290610273
115.290610273
115.290610273
115.290610273
115.290610273
115.682090551
116.005552222
116.005552222
116.005552222
116.005552222
116.005552222
116.005552222
116.005552222
116.005552222
116.005552222
116.005552222
116.005552222
116.005552222
116.005552222
116.005552222
116.005552222
116.005552222
116.005552222
116.005552222
116.005552222
116.328114521
116.720453289
116.720453289
116.720453289
116.720453289
116.720453289
116.720453289
116.720453289
116.720453289
117.111477679
117.111477679
117.111477679
117.111477679
117.111477679
117.111477679
117.111477679
117.111477679
117.111477679
117.111477679
117.111477679
117.111477679
117.111477679
117.111477679
116.328114521
116.328114521
116.328114521
116.328114521
116.328114521
116.328114521
116.005552222
116.005552222
116.005552222
116.005552222
116.005552222
116.005552222
116.005552222
116.005552222
116.005552222
116.005552222
116.005552222
116.005552222
116.005552222
116.005552222
116.005552222
116.005552222
116.005552222
116.005552222
116.005552222
116.005552222
116.005552222
116.005552222
116.005552222
116.005552222
116.005552222
116.005552222
116.005552222
116.005552222
116.328114521
116.328114521
116.328114521
116.328114521
116.328114521
116.328114521
116.328114521
116.720453289
116.720453289
116.720453289
116.720453289
116.720453289
116.720453289
116.720453289
116.720453289
116.328114521
116.328114521
116.328114521
116.328114521
116.328114521
116.328114521
116.328114521
116.328114521
116.328114521
116.328114521
116.328114521
116.328114521
116.328114521
116.328114521
116.328114521
116.328114521
116.328114521
116.328114521
116.328114521
116.328114521
116.005552222
115.612977316
115.612977316
115.612977316
115.612977316
115.612977316
115.612977316
114.823801011
114.823801011
114.503634451
114.503634451
114.503634451
114.503634451
114.503634451
114.503634451
114.108111216
114.108111216
114.108111216
114.108111216
114.108111216
114.108111216
114.503634451
114.503634451
114.503634451
114.503634451
114.503634451
114.503634451
114.503634451
114.503634451
114.503634451
114.503634451
114.503634451
114.503634451
114.503634451
114.503634451
114.108111216
114.108111216
114.108111216
114.108111216
114.108111216
114.108111216
114.503634451
114.503634451
114.503634451
114.503634451
114.503634451
114.503634451
114.503634451
114.823801011
115.612977316
115.612977316
115.612977316
115.612977316
115.612977316
115.612977316
116.005552222
116.005552222
116.328114521
116.328114521
116.328114521
116.328114521
116.328114521
116.328114521
116.720453289
116.720453289
116.720453289
116.720453289
116.720453289
116.720453289
116.720453289
116.720453289
116.720453289
116.720453289
116.720453289
116.720453289
116.720453289
116.396803088
115.612977316
115.612977316
115.612977316
115.612977316
115.612977316
115.612977316
115.612977316
115.612977316
115.612977316
115.612977316
115.612977316
115.612977316
115.93444803
116.328114521
116.328114521
116.328114521
116.328114521
116.328114521
116.328114521
116.649784908
117.043208571
117.043208571
117.043208571
117.043208571
117.043208571
117.043208571
116.25502985
116.25502985
115.93444803
115.93444803
115.93444803
115.93444803
115.93444803
115.290610273
114.108111216
114.108111216
114.108111216
114.108111216
114.108111216
114.108111216
114.108111216
114.108111216
113.788155992
113.788155992
113.788155992
113.788155992
113.788155992
114.108111216
114.503634451
114.503634451
114.503634451
114.503634451
114.503634451
114.503634451
114.823801011
115.612977316
115.612977316
115.612977316
115.612977316
115.612977316
115.612977316
115.612977316
115.612977316
115.612977316
115.612977316
115.612977316
115.612977316
115.612977316
115.93444803
116.720453289
116.720453289
116.720453289
116.720453289
116.720453289
116.720453289
116.720453289
116.720453289
116.720453289
116.720453289
116.720453289
116.720453289
116.720453289
116.328114521
116.328114521
116.328114521
116.328114521
116.328114521
116.328114521
115.539440244
115.539440244
115.219064834
115.219064834
115.219064834
115.219064834
115.219064834
114.575626675
113.392369903
113.392369903
113.392369903
113.392369903
113.392369903
113.392369903
112.596624142
112.596624142
112.27912661
112.27912661
112.27912661
112.27912661
112.27912661
112.596624142
113.392369903
113.392369903
113.392369903
113.392369903
113.392369903
113.392369903
113.392369903
114.182570194
114.182570194
114.182570194
114.182570194
114.182570194
114.182570194
114.503634451
114.503634451
114.503634451
114.503634451
114.503634451
114.503634451
114.503634451
114.503634451
114.503634451
114.503634451
114.503634451
114.503634451
114.503634451
114.503634451
114.503634451
114.108111216
114.108111216
114.108111216
114.108111216
114.108111216
114.108111216
113.788155992
114.182570194
114.182570194
114.182570194
114.182570194
114.182570194
113.392369903
113.392369903
113.392369903
113.392369903
113.392369903
