56.64
56.64
56.64
56.64
56.64
56.64
55.84
55.84
55.84
55.84
55.84
55.84
55.84
55.84
55.14
55.14
55.14
55.14
55.14
55.14
54.72
54.72
54.72
54.72
54.72
54.72
54.72
54.72
54.4
54.4
54.4
54.4
54.4
54.4
54.27
54.27
54.27
54.27
54.27
54.27
54.27
54.23
54.23
54.23
54.23
54.23
54.23
54.23
54.32
54.32
54.32
54.32
54.32
54.32
54.54
54.54
54.54
54.54
54.54
54.54
54.54
54.54
54.82
54.82
54.82
54.82
54.82
54.82
54.82
55.15
55.15
55.15
55.15
55.15
55.15
55.48
55.48
55.48
55.48
55.48
55.48
55.48
55.48
55.84
55.84
55.84
55.84
55.84
55.84
56.22
56.22
56.22
56.22
56.22
56.22
56.22
56.22
56.67
56.67
56.67
56.67
56.67
56.67
57.11
57.11
57.11
57.11
57.11
57.11
57.11
57.63
57.63
57.63
57.63
57.63
57.63
58.11
58.11
58.11
58.11
58.11
58.11
58.11
58.11
58.6
58.6
58.6
58.6
58.6
58.6
58.6
59.1
59.1
59.1
59.1
59.1
59.1
59.1
59.59
59.59
59.59
59.59
59.59
59.59
60.14
60.14
60.14
60.14
60.14
60.14
60.14
60.14
60.7
60.7
60.7
60.7
60.7
60.7
61.25
61.25
61.25
61.25
61.25
61.25
61.25
61.25
61.79
61.79
61.79
61.79
61.79
61.79
62.25
62.25
62.25
62.25
62.25
62.25
62.78
62.78
62.78
62.78
62.78
62.78
62.78
62.78
63.31
63.31
63.31
63.31
63.31
63.31
63.86
63.86
63.86
63.86
63.86
63.86
63.86
64.3
64.3
64.3
64.3
64.3
64.3
64.3
64.73
64.73
64.73
64.73
64.73
64.73
64.73
64.73
65.27
65.27
65.27
65.27
65.27
65.27
65.85
65.85
65.85
65.85
65.85
65.85
65.85
65.85
66.34
66.34
66.34
66.34
66.34
66.34
66.34
66.8
66.8
66.8
66.8
66.8
66.8
67.25
67.25
67.25
67.25
67.25
67.25
67.25
67.25
67.8
67.8
67.8
67.8
67.8
67.8
68.28
68.28
68.28
68.28
68.28
68.28
68.28
68.28
68.74
68.74
68.74
68.74
68.74
68.74
69.09
69.09
69.09
69.09
69.09
69.09
69.09
69.09
69.37
69.37
69.37
69.37
69.37
69.37
69.54
69.54
69.54
69.54
69.54
69.54
69.54
69.54
69.71
69.71
69.71
69.71
69.71
69.71
69.71
69.84
69.84
69.84
69.84
69.84
69.84
69.81
69.81
69.81
69.81
69.81
69.81
69.81
69.81
69.83
69.83
69.83
69.83
69.83
69.83
69.86
69.86
69.86
69.86
69.86
69.86
69.86
69.84
69.84
69.84
69.84
69.84
69.84
69.84
69.84
69.84
69.84
69.84
69.84
69.84
69.77
69.77
69.77
69.77
69.77
69.77
69.77
69.77
69.6
69.6
69.6
69.6
69.48
69.48
69.48
69.48
69.48
69.48
69.48
69.48
69.48
69.34
69.34
69.34
69.34
69.34
69.34
69.34
69.34
69.2
69.2
69.2
69.2
69.2
69.2
69.2
69.15
69.15
69.15
69.15
69.15
69.15
69.15
69.12
69.12
69.12
69.12
69.12
69.12
69.04
69.04
69.04
69.04
69.04
68.93
68.93
68.93
68.93
68.93
68.93
68.93
68.93
68.93
68.93
68.75
68.75
68.75
68.75
68.75
68.75
68.57
68.57
68.57
68.57
68.57
68.57
68.57
68.57
68.57
68.57
68.45
68.45
68.45
68.45
68.45
68.21
68.21
68.21
68.21
68.21
68.21
68.21
67.89
67.89
67.89
67.89
67.89
67.89
67.59
67.59
67.59
67.59
67.59
67.59
67.59
67.59
67.45
67.45
67.45
67.45
67.45
67.45
67.26
67.26
67.26
67.26
67.26
67.26
67.26
67.26
67.03
67.03
67.03
67.03
67.03
67.03
66.91
66.91
66.91
66.91
66.91
66.91
66.91
66.91
66.78
66.78
66.78
66.78
66.78
66.78
66.7
66.7
66.7
66.7
66.7
66.7
66.7
66.7
66.56
66.56
66.56
66.56
66.56
66.56
66.56
66.56
66.56
66.56
66.56
66.56
66.56
66.6
66.6
66.6
66.6
66.6
66.6
66.6
66.73
66.73
66.73
66.73
66.73
66.73
66.73
66.73
66.88
66.88
66.88
66.88
66.88
66.88
67.09
67.09
67.09
67.09
67.09
67.09
67.09
67.37
67.37
67.37
67.37
67.37
67.37
67.67
67.67
67.67
67.67
67.67
67.67
67.67
67.67
67.87
67.87
67.87
67.87
67.87
67.87
68.17
68.17
68.17
68.17
68.17
68.17
68.17
68.17
68.53
68.53
68.53
68.53
68.53
68.53
68.84
68.84
68.84
68.84
68.84
68.84
68.84
69.12
69.12
69.12
69.12
69.12
69.12
69.12
69.12
69.37
69.37
69.37
69.37
69.37
69.37
69.56
69.56
69.56
69.56
69.56
69.56
69.56
69.56
69.96
69.96
69.96
69.96
69.96
69.96
70.24
70.24
70.24
70.24
70.24
70.24
70.24
70.47
70.47
70.47
70.47
70.47
70.47
70.56
70.56
70.56
70.56
70.56
70.56
70.56
70.56
70.64
70.64
70.64
70.64
70.64
70.64
70.64
70.76
70.76
70.76
70.76
70.76
70.76
70.95
70.95
70.95
70.95
70.95
70.95
70.95
70.95
71.02
71.02
71.02
71.02
71.02
71.02
70.92
70.92
70.92
70.92
70.92
70.92
70.92
70.92
70.87
70.87
70.87
70.87
70.87
70.87
70.79
70.79
70.79
70.79
70.79
70.79
70.79
70.71
70.71
70.71
70.71
70.71
70.71
70.54
70.54
70.54
70.54
70.54
70.54
70.54
70.54
70.33
70.33
70.33
70.33
70.33
70.33
70.33
70.16
70.16
70.16
70.16
70.16
70.16
70.13
70.13
70.13
70.13
70.13
70.13
70.13
70.13
70.07
70.07
70.07
70.07
70.07
70.07
69.89
69.89
69.89
69.89
69.89
69.89
69.89
69.89
69.74
69.74
69.74
69.74
69.74
69.74
69.55
69.55
69.55
69.55
69.55
69.55
69.55
69.55
69.39
69.39
69.39
69.39
69.39
69.39
69.2
69.2
69.2
69.2
69.2
69.2
