17.69
17.69
17.69
17.69
17.69
17.69
17.69
17.69
17.69
17.69
17.69
17.68
17.68
17.68
17.68
17.68
17.68
17.68
17.67
17.67
17.67
17.67
17.65
17.65
17.65
17.65
17.65
17.65
17.65
17.65
17.65
17.63
17.63
17.63
17.63
17.63
17.61
17.61
17.61
17.61
17.61
17.61
17.61
17.61
17.61
17.6
17.6
17.6
17.6
17.6
17.6
17.6
17.58
17.58
17.58
17.58
17.58
17.56
17.56
17.56
17.56
17.56
17.56
17.56
17.56
17.56
17.55
17.55
17.55
17.55
17.55
17.54
17.54
17.54
17.54
17.54
17.54
17.54
17.54
17.54
17.52
17.52
17.52
17.52
17.52
17.49
17.49
17.49
17.49
17.49
17.49
17.49
17.49
17.47
17.47
17.47
17.47
17.47
17.44
17.44
17.44
17.44
17.44
17.44
17.44
17.44
17.44
17.38
17.38
17.38
17.38
17.38
17.38
17.38
17.34
17.34
17.34
17.34
17.34
17.3
17.3
17.3
17.3
17.3
17.3
17.3
17.3
17.3
17.26
17.26
17.26
17.26
17.26
17.23
17.23
17.23
17.23
17.23
17.23
17.23
17.23
17.23
17.2
17.2
17.2
17.2
17.2
17.18
17.18
17.18
17.18
17.18
17.18
17.18
17.18
17.18
17.13
17.13
17.13
17.13
17.1
17.1
17.1
17.1
17.1
17.1
17.1
17.1
17.1
17.04
17.04
17.04
17.04
17.04
17.04
16.97
16.97
16.97
16.97
16.97
16.97
16.92
16.92
16.92
16.92
16.92
16.92
16.92
16.92
16.92
16.86
16.86
16.86
16.86
16.86
16.82
16.82
16.82
16.82
16.82
16.82
16.82
16.82
16.82
16.77
16.77
16.77
16.77
16.77
16.75
16.75
16.75
16.75
16.75
16.75
16.75
16.75
16.75
16.7
16.7
16.7
16.7
16.7
16.65
16.65
16.65
16.65
16.65
16.65
16.65
16.65
16.61
16.61
16.61
16.61
16.61
16.61
16.57
16.57
16.57
16.57
16.57
16.57
16.54
16.54
16.54
16.54
16.54
16.54
16.54
16.54
16.54
16.49
16.49
16.49
16.49
16.49
16.44
16.44
16.44
16.44
16.44
16.44
16.44
16.44
16.44
16.4
16.4
16.4
16.4
16.4
16.38
16.38
16.38
16.38
16.38
16.38
16.38
16.38
16.38
16.35
16.35
16.35
16.35
16.35
16.31
16.31
16.31
16.31
16.31
16.31
16.31
16.31
16.31
16.28
16.28
16.28
16.28
16.28
16.28
16.24
16.24
16.24
16.24
16.24
16.22
16.22
16.22
16.22
16.22
16.22
16.22
16.2
16.2
16.2
16.2
16.2
16.2
16.2
16.2
16.2
16.17
16.17
16.17
16.17
16.17
16.17
16.17
16.17
16.17
16.16
16.16
16.16
16.16
16.13
16.13
16.13
16.13
16.13
16.13
16.11
16.11
16.11
16.11
16.11
16.11
16.11
16.11
16.11
16.09
16.09
16.09
16.09
16.09
16.08
16.08
16.08
16.08
16.08
16.08
16.08
16.08
16.08
16.06
16.06
16.06
16.06
16.05
16.05
16.05
16.05
16.05
16.05
16.05
16.05
16.05
16.06
16.06
16.06
16.06
16.06
16.08
16.08
16.08
16.08
16.08
16.08
16.08
16.09
16.09
16.09
16.09
16.09
16.09
16.09
16.09
16.09
16.09
16.09
16.09
16.09
16.09
16.09
16.09
16.09
16.09
16.09
16.09
16.09
16.1
16.1
16.1
16.1
16.1
16.1
16.1
16.1
16.1
16.1
16.1
16.1
16.1
16.1
16.1
16.1
16.1
16.1
16.1
16.1
16.1
16.1
16.1
16.1
16.1
16.1
16.1
16.1
16.1
16.1
16.1
16.1
16.1
16.1
16.12
16.12
16.12
16.12
16.12
16.14
16.14
16.14
16.14
16.14
16.14
16.14
