55.18
55.18
55.18
55.18
55.18
55.18
54.65
54.65
54.65
54.65
54.65
54.65
54.31
54.31
54.31
54.31
54.15
54.15
54.15
54.15
54.15
54.15
54.15
54.15
54.15
54.15
54.06
54.06
54.06
54.06
54.06
54.06
54.07
54.07
54.07
54.07
54.07
54.07
54.07
54.07
54.2
54.2
54.2
54.2
54.2
54.2
54.55
54.55
54.55
54.55
54.55
54.55
54.55
54.55
54.8
54.8
54.8
54.8
54.8
54.8
54.8
55.13
55.13
55.13
55.13
55.13
55.13
55.43
55.43
55.43
55.43
55.43
55.43
55.43
55.43
55.86
55.86
55.86
55.86
55.86
55.86
56.33
56.33
56.33
56.33
56.33
56.33
56.33
56.78
56.78
56.78
56.78
56.78
56.78
57.22
57.22
57.22
57.22
57.22
57.22
57.22
57.22
57.66
57.66
57.66
57.66
57.66
57.66
58.1
58.1
58.1
58.1
58.1
58.1
58.1
58.1
58.58
58.58
58.58
58.58
58.58
58.58
58.58
59.03
59.03
59.03
59.03
59.03
59.03
59.42
59.42
59.42
59.42
59.42
59.42
59.42
59.42
59.81
59.81
59.81
59.81
59.81
59.81
60.27
60.27
60.27
60.27
60.27
60.27
60.27
60.27
60.79
60.79
60.79
60.79
60.79
60.79
61.28
61.28
61.28
61.28
61.28
61.28
61.28
61.82
61.82
61.82
61.82
61.82
61.82
62.34
62.34
62.34
62.34
62.34
62.34
62.34
62.34
62.81
62.81
62.81
62.81
62.81
62.81
62.81
63.29
63.29
63.29
63.29
63.29
63.29
63.76
63.76
63.76
63.76
63.76
63.76
63.76
63.76
64.27
64.27
64.27
64.27
64.27
64.27
64.79
64.79
64.79
64.79
64.79
64.79
64.79
64.79
65.25
65.25
65.25
65.25
65.25
65.25
65.72
65.72
65.72
65.72
65.72
65.72
65.72
66.35
66.35
66.35
66.35
66.35
66.35
66.81
66.81
66.81
66.81
66.81
66.81
66.81
66.81
67.27
67.27
67.27
67.27
67.27
67.27
67.27
67.61
67.61
67.61
67.61
67.61
67.61
67.97
67.97
67.97
67.97
67.97
67.97
67.97
67.97
68.25
68.25
68.25
68.25
68.25
68.25
68.32
68.32
68.32
68.32
68.32
68.32
68.32
68.32
68.51
68.51
68.51
68.51
68.51
68.51
68.6
68.6
68.6
68.6
68.6
68.6
68.6
68.6
68.66
68.66
68.66
68.66
68.66
68.66
68.68
68.68
68.68
68.68
68.68
68.68
68.67
68.67
68.67
68.67
68.67
68.67
68.67
68.7
68.7
68.7
68.7
68.7
68.7
68.7
68.7
68.65
68.65
68.65
68.65
68.65
68.65
68.54
68.54
68.54
68.54
68.54
68.46
68.46
68.46
68.46
68.46
68.46
68.46
68.46
68.46
68.46
68.44
68.44
68.44
68.44
68.44
68.44
68.45
68.45
68.45
68.45
68.45
68.45
68.45
68.39
68.39
68.39
68.39
68.39
68.39
68.39
68.39
68.33
68.33
68.33
68.33
68.33
68.33
68.23
68.23
68.23
68.23
68.23
68.23
68.23
68.09
68.09
68.09
68.09
68.09
68.09
68.03
68.03
68.03
68.03
68.03
68.03
68.03
68.03
68.03
67.95
67.95
67.95
67.95
67.95
67.95
67.86
67.86
67.86
67.86
67.86
67.86
67.78
67.78
67.78
67.78
67.78
67.78
67.78
67.78
67.59
67.59
67.59
67.59
67.59
67.59
67.59
67.39
67.39
67.39
67.39
67.39
67.39
67.25
67.25
67.25
67.25
67.25
67.25
67.25
67.25
67.14
67.14
67.14
67.14
67.14
67.14
67.11
67.11
67.11
67.11
67.11
67.11
66.96
66.96
66.96
66.96
66.96
66.96
66.96
66.96
66.74
66.74
66.74
66.74
66.74
66.74
66.74
66.53
