112.324085926
113.593324924
113.593324924
113.593324924
113.593324924
113.593324924
113.593324924
113.993809547
114.625359031
114.625359031
114.625359031
114.625359031
114.625359031
114.625359031
115.026652684
115.970799733
115.970799733
115.970799733
115.970799733
115.970799733
115.970799733
116.907322071
116.907322071
116.907322071
116.907322071
116.907322071
116.907322071
117.313758974
117.936117501
117.936117501
117.936117501
117.936117501
117.936117501
117.936117501
117.625349853
117.217833434
117.217833434
117.217833434
117.217833434
117.217833434
117.217833434
117.217833434
116.907322071
116.907322071
116.907322071
116.907322071
116.907322071
116.907322071
118.144471043
118.144471043
118.555208985
118.555208985
118.555208985
118.555208985
118.555208985
118.555208985
118.24606841
118.24606841
118.24606841
118.24606841
118.24606841
118.24606841
118.24606841
118.24606841
118.24606841
118.24606841
118.24606841
118.24606841
118.24606841
117.836401494
116.907322071
116.907322071
116.907322071
116.907322071
116.907322071
116.907322071
116.907322071
116.595983777
116.595983777
116.595983777
116.595983777
116.595983777
116.595983777
117.001338289
117.625349853
117.625349853
117.625349853
117.625349853
117.625349853
118.031459383
118.964528918
118.964528918
118.964528918
118.964528918
118.964528918
118.964528918
119.582530629
119.582530629
119.582530629
119.582530629
119.582530629
119.582530629
119.582530629
119.582530629
120.197354891
120.197354891
120.197354891
120.197354891
120.197354891
120.197354891
120.197354891
120.197354891
120.197354891
120.197354891
120.197354891
120.197354891
120.197354891
120.197354891
119.89033688
119.89033688
119.89033688
119.89033688
119.89033688
119.89033688
119.273930036
119.273930036
119.273930036
119.273930036
119.273930036
119.273930036
119.273930036
118.86354555
117.936117501
117.936117501
117.936117501
117.936117501
117.936117501
117.936117501
117.527524419
116.283811908
116.283811908
116.283811908
116.283811908
116.283811908
116.283811908
116.283811908
115.656940431
115.656940431
115.656940431
115.656940431
115.656940431
115.656940431
115.253447891
114.939832486
114.939832486
114.939832486
114.939832486
114.939832486
114.939832486
114.310020444
114.310020444
114.310020444
114.310020444
114.310020444
114.310020444
113.908424905
113.593324924
113.593324924
113.593324924
113.593324924
113.593324924
113.593324924
113.277348443
113.277348443
113.277348443
113.277348443
113.277348443
113.277348443
113.277348443
112.876564919
111.608248651
111.608248651
111.608248651
111.608248651
111.608248651
111.608248651
110.647471101
110.647471101
110.647471101
110.647471101
110.647471101
110.647471101
110.647471101
110.253202468
109.610321171
109.610321171
109.610321171
109.610321171
109.610321171
109.610321171
109.610321171
108.638866372
108.638866372
108.638866372
108.638866372
108.638866372
108.638866372
108.638866372
108.313111916
108.313111916
108.313111916
108.313111916
108.313111916
108.313111916
107.924391121
107.598826605
107.598826605
107.598826605
107.598826605
107.598826605
107.598826605
107.598826605
107.598826605
107.598826605
107.598826605
107.598826605
107.598826605
107.986374786
107.986374786
107.986374786
107.986374786
107.986374786
107.986374786
107.986374786
107.658646034
107.658646034
107.272274026
107.272274026
107.272274026
107.272274026
107.272274026
107.272274026
107.272274026
107.272274026
107.272274026
107.272274026
107.272274026
107.272274026
107.272274026
107.272274026
106.884505455
106.884505455
106.884505455
106.884505455
106.884505455
107.272274026
107.598826605
107.598826605
107.598826605
107.598826605
107.598826605
107.598826605
107.209877609
107.209877609
107.209877609
107.209877609
107.209877609
107.209877609
107.209877609
107.209877609
106.558139791
106.558139791
106.558139791
106.558139791
106.558139791
106.558139791
106.944724333
107.598826605
107.598826605
107.598826605
107.598826605
107.598826605
107.598826605
107.598826605
107.598826605
107.598826605
107.598826605
107.598826605
107.598826605
107.598826605
107.598826605
107.598826605
107.598826605
107.598826605
107.598826605
107.598826605
107.598826605
108.248976488
108.248976488
108.248976488
108.248976488
108.248976488
108.248976488
107.598826605
107.598826605
107.598826605
107.598826605
107.598826605
107.598826605
107.598826605
108.895244776
109.287462381
109.287462381
109.287462381
109.287462381
109.287462381
109.287462381
109.287462381
109.287462381
109.287462381
109.287462381
109.287462381
109.287462381
109.287462381
108.313111916
108.313111916
107.924391121
107.924391121
107.924391121
107.924391121
107.924391121
106.286596702
106.286596702
105.902391165
105.902391165
105.902391165
105.902391165
105.902391165
105.516786784
104.859354921
104.859354921
104.859354921
104.859354921
104.859354921
104.859354921
104.197775099
104.197775099
104.197775099
104.197775099
104.197775099
104.197775099
104.197775099
104.197775099
104.197775099
104.197775099
104.197775099
104.197775099
104.197775099
104.197775099
104.197775099
104.859354921
104.859354921
104.859354921
104.859354921
104.859354921
104.859354921
104.529088416
104.529088416
104.529088416
104.529088416
104.529088416
104.529088416
104.529088416
104.197775099
104.197775099
104.197775099
104.197775099
104.197775099
104.197775099
104.197775099
104.197775099
104.197775099
104.197775099
104.197775099
104.197775099
104.197775099
104.197775099
104.197775099
104.197775099
104.197775099
104.197775099
104.197775099
104.197775099
104.197775099
104.197775099
104.197775099
104.197775099
104.197775099
104.197775099
104.197775099
106.170147744
106.944724333
106.944724333
106.944724333
106.944724333
106.944724333
106.944724333
106.944724333
107.924391121
107.924391121
107.924391121
107.924391121
107.924391121
107.924391121
107.924391121
107.272274026
107.272274026
107.272274026
107.272274026
107.272274026
107.272274026
107.272274026
107.272274026
107.272274026
107.272274026
107.272274026
107.272274026
107.272274026
107.658646034
107.986374786
107.986374786
107.986374786
107.986374786
107.986374786
109.610321171
109.610321171
110.002290843
110.002290843
110.002290843
110.002290843
110.002290843
110.002290843
111.28891109
111.28891109
111.28891109
111.28891109
111.28891109
111.28891109
111.28891109
111.28891109
111.28891109
110.325352598
110.325352598
110.325352598
110.325352598
