21.89
21.89
21.89
21.89
21.9
21.9
21.9
21.9
21.9
21.9
21.9
21.9
21.9
21.89
21.89
21.89
21.89
21.89
21.89
21.89
21.89
21.89
21.89
21.89
21.89
21.89
21.89
21.89
21.89
21.89
21.89
21.89
21.91
21.91
21.91
21.91
21.91
21.91
21.91
21.91
21.91
21.9
21.9
21.9
21.9
21.9
21.88
21.88
21.88
21.88
21.88
21.88
21.88
21.88
21.88
21.85
21.85
21.85
21.85
21.85
21.85
21.85
21.84
21.84
21.84
21.84
21.84
21.84
21.83
21.83
21.83
21.83
21.83
21.81
21.81
21.81
21.81
21.81
21.81
21.81
21.81
21.81
21.79
21.79
21.79
21.79
21.79
21.79
21.79
21.76
21.76
21.76
21.76
21.76
21.74
21.74
21.74
21.74
21.74
21.74
21.74
21.74
21.74
21.74
21.74
21.74
21.74
21.74
21.74
21.74
21.74
21.74
21.74
21.74
21.74
21.74
21.74
21.74
21.74
21.74
21.74
21.74
21.74
21.74
21.74
21.74
21.74
21.74
21.74
21.74
21.74
21.73
21.73
21.73
21.73
21.73
21.73
21.73
21.73
21.73
21.73
21.73
21.75
21.75
21.75
21.75
21.75
21.75
21.75
21.75
21.75
21.78
21.78
21.78
21.78
21.78
21.78
21.81
21.81
21.81
21.81
21.81
21.81
21.87
21.87
21.87
21.87
21.87
21.87
21.87
21.87
21.87
21.93
21.93
21.93
21.93
21.93
21.98
21.98
21.98
21.98
21.98
21.98
21.98
22.03
22.03
22.03
22.03
22.03
22.03
22.03
22.03
22.03
22.06
22.06
22.06
22.06
22.06
22.09
22.09
22.09
22.09
22.09
22.09
22.09
22.09
22.09
22.09
22.09
22.09
22.09
22.08
22.08
22.08
22.08
22.08
22.08
22.08
22.08
22.08
22.08
22.08
22.08
22.08
22.08
22.09
22.09
22.09
22.09
22.09
22.09
22.09
22.09
22.09
22.11
22.11
22.11
22.11
22.11
22.11
22.11
22.12
22.12
22.12
22.12
22.12
22.12
22.17
22.17
22.17
22.17
22.17
22.17
22.22
22.22
22.22
22.22
22.22
22.22
22.22
22.22
22.22
22.26
22.26
22.26
22.26
22.26
22.3
22.3
22.3
22.3
22.3
22.3
22.3
22.3
22.33
22.33
22.33
22.33
22.33
22.37
22.37
22.37
22.37
22.37
22.37
22.37
22.37
22.37
22.42
22.42
22.42
22.42
22.42
22.46
22.46
22.46
22.46
22.46
22.46
22.46
22.49
22.49
22.49
22.49
22.49
22.49
22.49
22.49
22.49
22.51
22.51
22.51
22.51
22.51
22.51
22.51
22.51
22.51
22.51
22.51
22.51
22.5
22.5
22.5
22.5
22.5
22.5
22.5
22.5
22.5
22.46
22.46
22.46
22.46
22.46
22.44
22.44
22.44
22.44
22.44
22.44
22.44
22.44
22.42
22.42
22.42
22.42
22.42
22.4
22.4
22.4
22.4
22.4
22.4
22.4
22.4
22.4
22.39
22.39
22.39
22.39
22.39
22.39
22.39
22.39
22.39
22.39
22.39
22.39
22.39
22.39
22.4
22.4
22.4
22.4
22.4
22.41
22.41
22.41
22.41
22.41
22.41
22.41
22.44
22.44
22.44
22.44
22.44
22.44
22.44
22.44
22.44
22.44
22.44
22.44
22.44
22.44
22.43
22.43
22.43
22.43
22.43
22.43
22.43
22.43
22.43
22.42
22.42
22.42
22.42
22.39
22.39
22.39
22.39
22.39
22.39
22.39
22.39
22.39
22.35
22.35
22.35
22.35
22.35
22.33
22.33
22.33
22.33
22.33
22.33
22.33
22.33
22.33
22.3
22.3
22.3
22.3
22.3
22.3
22.27
22.27
22.27
22.27
22.27
22.27
22.26
22.26
22.26
22.26
22.26
22.26
22.26
22.26
