69.2
69.03
69.03
69.03
69.03
69.03
69.03
69.03
69.31
69.31
69.31
69.31
69.31
69.31
70.0
70.0
70.0
70.0
70.0
70.0
70.0
70.0
70.63
70.63
70.63
70.63
70.63
70.63
71.04
71.04
71.04
71.04
71.04
71.04
71.04
71.04
71.37
71.37
71.37
71.37
71.37
71.37
71.63
71.63
71.63
71.63
71.63
71.63
71.63
71.63
71.84
71.84
71.84
71.84
71.84
71.84
71.93
71.93
71.93
71.93
71.93
71.93
71.93
72.05
72.05
72.05
72.05
72.05
72.05
72.05
72.05
72.05
72.05
72.05
72.05
72.05
72.05
72.17
72.17
72.17
72.17
72.17
72.17
72.33
72.33
72.33
72.33
72.33
72.33
72.33
72.33
72.51
72.51
72.51
72.51
72.51
72.51
72.51
72.72
72.72
72.72
72.72
72.72
72.72
72.97
72.97
72.97
72.97
72.97
72.97
72.97
72.97
73.23
73.23
73.23
73.23
73.23
73.23
73.5
73.5
73.5
73.5
73.5
73.5
73.5
73.5
73.84
73.84
73.84
73.84
73.84
73.84
74.2
74.2
74.2
74.2
74.2
74.2
74.2
74.2
74.2
74.55
74.55
74.55
74.55
74.55
74.95
74.95
74.95
74.95
74.95
74.95
75.27
75.27
75.27
75.27
75.27
75.27
75.27
75.27
75.63
75.63
75.63
75.63
75.63
75.63
76.02
76.02
76.02
76.02
76.02
76.02
76.02
76.39
76.39
76.39
76.39
76.39
76.39
76.39
76.39
76.77
76.77
76.77
76.77
76.77
76.77
76.77
77.14
77.14
77.14
77.14
77.14
77.14
77.66
77.66
77.66
77.66
77.66
77.66
77.66
78.08
78.08
78.08
78.08
78.08
78.08
78.47
78.47
78.47
78.47
78.47
78.47
78.47
78.47
78.81
78.81
78.81
78.81
78.81
78.81
79.23
79.23
79.23
79.23
79.23
79.23
79.23
79.23
79.47
79.47
79.47
79.47
79.47
79.47
79.84
79.84
79.84
79.84
79.84
79.84
79.84
79.84
80.21
80.21
80.21
80.21
80.21
80.21
80.21
80.62
80.62
80.62
80.62
80.62
80.62
80.88
80.88
80.88
80.88
80.88
80.88
80.88
81.02
81.02
81.02
81.02
81.02
81.02
81.02
81.15
81.15
81.15
81.15
81.15
81.15
81.22
81.22
81.22
81.22
81.22
81.22
81.22
81.22
81.07
81.07
81.07
81.07
81.07
81.07
80.91
80.91
80.91
80.91
80.91
80.91
80.91
80.91
80.91
80.74
80.74
80.74
80.74
80.74
80.74
80.57
80.57
80.57
80.57
80.57
80.57
80.46
80.46
80.46
80.46
80.46
80.46
80.46
80.46
80.27
80.27
80.27
80.27
80.27
80.27
80.01
80.01
80.01
80.01
80.01
80.01
80.01
80.01
79.86
79.86
79.86
79.86
79.86
79.86
79.72
79.72
79.72
79.72
79.72
79.72
79.49
79.49
79.49
79.49
79.49
79.49
79.49
79.49
79.23
79.23
79.23
79.23
79.23
79.23
79.09
79.09
79.09
79.09
79.09
79.09
79.09
79.09
79.0
79.0
79.0
79.0
79.0
79.0
78.91
78.91
78.91
78.91
78.91
78.91
78.91
78.91
78.9
78.9
78.9
78.9
78.9
78.9
78.89
78.89
78.89
78.89
78.89
78.89
78.89
78.89
78.98
78.98
78.98
78.98
78.98
78.98
78.98
79.15
79.15
79.15
79.15
79.15
79.15
79.35
79.35
79.35
79.35
79.35
79.35
79.35
79.65
79.65
79.65
79.65
79.65
79.65
79.88
79.88
79.88
79.88
79.88
79.88
79.88
79.88
80.14
80.14
80.14
80.14
80.14
80.14
80.35
80.35
80.35
80.35
80.35
80.35
80.35
80.35
80.51
80.51
80.51
80.51
80.51
80.51
80.82
80.82
80.82
80.82
80.82
