113.392369903
113.392369903
113.072628544
113.072628544
113.072628544
113.072628544
113.072628544
113.072628544
113.072628544
112.676576089
112.676576089
112.676576089
112.676576089
112.676576089
112.676576089
112.676576089
112.676576089
112.27912661
112.27912661
112.27912661
112.27912661
112.27912661
112.27912661
112.27912661
112.676576089
112.676576089
112.676576089
112.676576089
112.676576089
112.676576089
112.676576089
112.27912661
112.27912661
112.27912661
112.27912661
112.27912661
112.27912661
112.27912661
112.676576089
112.676576089
112.676576089
112.676576089
112.676576089
112.676576089
112.676576089
112.27912661
112.27912661
112.27912661
112.27912661
112.27912661
112.27912661
112.27912661
112.676576089
112.676576089
112.676576089
112.676576089
112.676576089
112.676576089
112.676576089
112.676576089
112.676576089
112.676576089
112.676576089
112.676576089
112.995197509
114.182570194
114.182570194
114.182570194
114.182570194
114.182570194
114.182570194
114.182570194
113.788155992
113.788155992
113.788155992
113.788155992
114.575626675
114.575626675
114.575626675
114.897796149
114.897796149
114.897796149
114.897796149
114.897796149
114.897796149
115.290610273
115.290610273
115.612977316
115.612977316
115.612977316
115.612977316
115.612977316
115.612977316
115.612977316
115.612977316
115.612977316
115.612977316
115.612977316
115.612977316
115.219064834
115.219064834
114.897796149
114.897796149
114.897796149
114.897796149
114.897796149
114.897796149
114.108111216
114.108111216
114.108111216
114.108111216
114.108111216
114.108111216
113.788155992
112.995197509
112.995197509
112.995197509
112.995197509
112.995197509
112.995197509
112.676576089
111.880265219
111.880265219
111.880265219
111.880265219
111.880265219
111.880265219
111.880265219
111.880265219
111.880265219
111.880265219
111.880265219
111.880265219
111.880265219
111.562998456
111.562998456
111.562998456
111.562998456
111.562998456
111.880265219
112.27912661
112.27912661
112.27912661
112.27912661
112.27912661
112.27912661
112.27912661
112.596624142
112.995197509
112.995197509
112.995197509
112.995197509
112.995197509
112.995197509
112.596624142
112.596624142
112.27912661
112.27912661
112.27912661
112.27912661
112.27912661
112.27912661
111.880265219
111.880265219
111.880265219
111.880265219
111.880265219
111.880265219
111.880265219
111.880265219
111.880265219
111.880265219
111.880265219
111.880265219
111.880265219
111.562998456
111.163845124
111.163845124
111.163845124
111.163845124
111.163845124
111.163845124
111.163845124
111.163845124
111.163845124
111.163845124
111.163845124
111.163845124
111.163845124
110.361207585
110.361207585
110.361207585
110.361207585
110.361207585
110.361207585
110.361207585
110.361207585
111.562998456
111.562998456
111.562998456
111.562998456
111.562998456
111.562998456
111.163845124
111.163845124
111.163845124
111.163845124
111.163845124
111.163845124
111.163845124
111.562998456
111.562998456
111.562998456
111.562998456
111.562998456
111.562998456
111.880265219
111.479976762
111.479976762
111.479976762
111.479976762
111.479976762
111.479976762
111.880265219
111.880265219
111.880265219
111.880265219
111.880265219
111.880265219
111.880265219
111.880265219
111.880265219
111.880265219
111.880265219
111.880265219
111.880265219
111.880265219
111.880265219
111.880265219
112.19663487
112.19663487
112.19663487
112.19663487
112.19663487
111.880265219
111.479976762
111.479976762
111.479976762
111.479976762
111.479976762
111.479976762
111.795214496
111.795214496
111.795214496
111.795214496
111.795214496
111.795214496
111.795214496
111.795214496
111.795214496
111.795214496
111.795214496
111.795214496
111.795214496
111.795214496
111.795214496
112.19663487
112.19663487
112.19663487
112.19663487
112.19663487
112.512114976
112.913228957
112.913228957
112.913228957
112.913228957
112.913228957
112.913228957
112.913228957
113.312923053
113.312923053
113.312923053
113.312923053
113.312923053
113.312923053
113.312923053
112.913228957
112.913228957
112.913228957
112.913228957
112.913228957
112.913228957
112.913228957
112.512114976
112.512114976
112.512114976
112.512114976
112.512114976
112.913228957
112.913228957
112.913228957
112.913228957
112.913228957
112.913228957
112.913228957
112.913228957
113.228948543
113.228948543
113.228948543
113.228948543
113.228948543
113.228948543
113.228948543
114.029163083
114.029163083
114.029163083
114.029163083
114.029163083
114.029163083
114.029163083
114.029163083
114.029163083
114.029163083
114.029163083
114.029163083
114.029163083
114.029163083
113.629760233
113.629760233
113.629760233
113.629760233
113.629760233
113.629760233
113.629760233
113.629760233
114.427171843
114.427171843
114.427171843
114.427171843
114.427171843
114.427171843
114.427171843
114.427171843
114.427171843
114.427171843
114.427171843
114.427171843
114.427171843
114.029163083
114.029163083
114.029163083
114.029163083
114.029163083
114.029163083
114.029163083
113.629760233
113.629760233
113.629760233
113.629760233
113.629760233
113.629760233
113.945716461
114.34622988
114.34622988
114.34622988
114.34622988
114.34622988
114.34622988
114.662419962
115.461470883
115.461470883
115.461470883
115.461470883
115.461470883
115.461470883
115.461470883
115.461470883
115.461470883
115.461470883
115.461470883
115.461470883
115.461470883
115.14307736
114.34622988
114.34622988
114.34622988
114.34622988
114.34622988
114.34622988
113.543790283
113.543790283
113.228948543
113.228948543
113.228948543
113.228948543
113.228948543
112.913228957
112.512114976
112.512114976
112.512114976
112.512114976
112.512114976
112.512114976
112.109565868
112.109565868
111.795214496
111.795214496
111.795214496
111.795214496
111.795214496
110.988018274
110.988018274
110.988018274
110.988018274
110.988018274
110.988018274
110.988018274
111.795214496
111.795214496
111.795214496
111.795214496
111.795214496
111.795214496
112.109565868
112.512114976
112.512114976
112.512114976
112.512114976
112.512114976
112.512114976
112.512114976
112.512114976
112.512114976
112.512114976
112.512114976
112.512114976
112.512114976
112.512114976
112.512114976
112.512114976
112.512114976
112.512114976
112.512114976
112.512114976
112.512114976
112.109565868
112.109565868
112.109565868
112.109565868
112.109565868
112.109565868
111.705566118
111.705566118
111.392347548
