65.34
65.34
65.34
65.34
65.34
65.22
65.22
65.22
65.22
65.22
65.22
65.22
65.22
65.78
65.78
65.78
65.78
65.78
65.78
65.78
66.48
66.48
66.48
66.48
66.48
66.48
67.1
67.1
67.1
67.1
67.1
67.1
67.1
67.1
67.65
67.65
67.65
67.65
67.65
67.65
68.03
68.03
68.03
68.03
68.03
68.03
68.03
68.03
68.32
68.32
68.32
68.32
68.32
68.32
68.61
68.61
68.61
68.61
68.61
68.61
68.61
68.95
68.95
68.95
68.95
68.95
68.95
69.25
69.25
69.25
69.25
69.25
69.25
69.25
69.25
69.61
69.61
69.61
69.61
69.61
69.61
69.61
69.99
69.99
69.99
69.99
69.99
69.99
70.34
70.34
70.34
70.34
70.34
70.34
70.34
70.34
70.69
70.69
70.69
70.69
70.69
70.69
71.07
71.07
71.07
71.07
71.07
71.07
71.07
71.07
71.46
71.46
71.46
71.46
71.46
71.46
71.84
71.84
71.84
71.84
71.84
71.84
72.24
72.24
72.24
72.24
72.24
72.24
72.24
72.24
72.67
72.67
72.67
72.67
72.67
72.67
73.07
73.07
73.07
73.07
73.07
73.07
73.07
73.07
73.45
73.45
73.45
73.45
73.45
73.45
73.45
73.91
73.91
73.91
73.91
73.91
73.91
74.39
74.39
74.39
74.39
74.39
74.39
74.39
74.39
74.79
74.79
74.79
74.79
74.79
74.79
75.17
75.17
75.17
75.17
75.17
75.17
75.17
75.17
75.55
75.55
75.55
75.55
75.55
75.55
75.89
75.89
75.89
75.89
75.89
75.89
75.89
75.89
76.35
76.35
76.35
76.35
76.35
76.35
76.73
76.73
76.73
76.73
76.73
76.73
77.26
77.26
77.26
77.26
77.26
77.26
77.26
77.26
77.62
77.62
77.62
77.62
77.62
77.62
78.01
78.01
78.01
78.01
78.01
78.01
78.01
78.43
78.43
78.43
78.43
78.43
78.43
78.43
78.43
78.82
78.82
78.82
78.82
78.82
78.82
78.82
79.1
79.1
79.1
79.1
79.1
79.1
79.38
79.38
79.38
79.38
79.38
79.38
79.38
79.38
79.61
79.61
79.61
79.61
79.61
79.61
79.61
79.79
79.79
79.79
79.79
79.79
79.79
79.98
79.98
79.98
79.98
79.98
79.98
79.98
80.11
80.11
80.11
80.11
80.11
80.11
80.13
80.13
80.13
80.13
80.13
80.13
80.13
80.13
80.04
80.04
80.04
80.04
80.04
80.04
80.04
79.92
79.92
79.92
79.92
79.92
79.92
79.87
79.87
79.87
79.87
79.87
79.87
79.87
79.87
79.68
79.68
79.68
79.68
79.68
79.68
79.44
79.44
79.44
79.44
79.44
79.44
79.44
79.22
79.22
79.22
79.22
79.22
79.22
79.22
79.22
79.03
79.03
79.03
79.03
79.03
79.03
79.03
78.84
78.84
78.84
78.84
78.84
78.67
78.67
78.67
78.67
78.67
78.67
78.4
78.4
78.4
78.4
78.4
78.4
78.4
78.4
78.4
78.14
78.14
78.14
78.14
78.14
78.14
77.91
77.91
77.91
77.91
77.91
77.91
77.91
77.67
77.67
77.67
77.67
77.67
77.67
77.67
77.67
77.5
77.5
77.5
77.5
77.5
77.5
77.31
77.31
77.31
77.31
77.31
77.31
77.31
77.31
77.19
77.19
77.19
77.19
77.19
77.19
77.17
77.17
77.17
77.17
77.17
77.17
77.17
77.22
77.22
77.22
77.22
77.22
77.22
77.36
77.36
77.36
77.36
77.36
77.36
