16.19
16.19
16.19
16.19
16.2
16.2
16.2
16.2
16.2
16.2
16.2
16.22
16.22
16.22
16.22
16.22
16.23
16.23
16.23
16.23
16.23
16.23
16.23
16.23
16.23
16.22
16.22
16.22
16.22
16.22
16.22
16.22
16.22
16.22
16.22
16.22
16.22
16.22
16.22
16.23
16.23
16.23
16.23
16.23
16.24
16.24
16.24
16.24
16.24
16.24
16.24
16.24
16.24
16.23
16.23
16.23
16.23
16.23
16.24
16.24
16.24
16.24
16.24
16.24
16.25
16.25
16.25
16.25
16.25
16.25
16.25
16.25
16.25
16.26
16.26
16.26
16.26
16.26
16.26
16.26
16.26
16.26
16.26
16.26
16.26
16.26
16.26
16.27
16.27
16.27
16.27
16.27
16.28
16.28
16.28
16.28
16.28
16.28
16.28
16.28
16.28
16.29
16.29
16.29
16.29
16.29
16.3
16.3
16.3
16.3
16.3
16.3
16.3
16.3
16.3
16.31
16.31
16.31
16.31
16.31
16.32
16.32
16.32
16.32
16.32
16.32
16.32
16.32
16.32
16.32
16.32
16.32
16.32
16.32
16.32
16.33
16.33
16.33
16.33
16.33
16.33
16.34
16.34
16.34
16.34
16.34
16.34
16.35
16.35
16.35
16.35
16.35
16.35
16.35
16.35
16.35
16.35
16.35
16.35
16.35
16.35
16.35
16.35
16.35
16.35
16.35
16.35
16.35
16.35
16.35
16.36
16.36
16.36
16.36
16.36
16.38
16.38
16.38
16.38
16.38
16.38
16.38
16.38
16.38
16.39
16.39
16.39
16.39
16.39
16.41
16.41
16.41
16.41
16.41
16.41
16.41
16.41
16.41
16.42
16.42
16.42
16.42
16.42
16.42
16.44
16.44
16.44
16.44
16.44
16.44
16.44
16.44
16.44
16.44
16.44
16.44
16.44
16.44
16.44
16.44
16.44
16.44
16.45
16.45
16.45
16.45
16.45
16.45
16.45
16.45
16.45
16.47
16.47
16.47
16.47
16.47
16.47
16.48
16.48
16.48
16.48
16.48
16.48
16.48
16.48
16.48
16.49
16.49
16.49
16.49
16.49
16.49
16.49
16.51
16.51
16.51
16.51
16.51
16.53
16.53
16.53
16.53
16.53
16.53
16.53
16.53
16.53
16.55
16.55
16.55
16.55
16.56
16.56
16.56
16.56
16.56
16.56
16.56
16.56
16.56
16.55
16.55
16.55
16.55
16.55
16.55
16.55
16.55
16.55
16.55
16.55
16.55
16.55
16.55
16.55
16.55
16.55
16.55
16.55
16.55
16.55
16.55
16.55
16.55
16.55
16.55
16.55
16.55
16.55
16.55
16.55
16.55
16.55
16.55
16.55
16.54
16.54
16.54
16.54
16.54
16.54
16.54
16.55
16.55
16.55
16.55
16.55
16.55
16.55
16.55
16.55
16.55
16.55
16.55
16.56
16.56
16.56
16.56
16.56
16.56
16.56
16.56
16.58
16.58
16.58
16.58
16.58
16.58
16.59
16.59
16.59
16.59
16.59
16.59
16.62
16.62
16.62
16.62
16.62
16.62
16.62
16.63
16.63
16.63
16.63
16.63
16.63
16.63
16.63
16.63
16.63
16.63
16.63
16.63
16.63
16.65
16.65
16.65
16.65
16.65
16.65
16.65
16.65
16.65
16.66
16.66
16.66
16.66
16.66
16.67
16.67
16.67
16.67
16.67
16.67
16.67
16.67
16.67
16.67
16.67
16.67
16.67
16.67
16.68
16.68
16.68
16.68
16.68
16.68
16.68
16.68
16.67
16.67
16.67
16.67
16.67
16.67
16.66
