109.610321171
109.216944871
107.598826605
107.598826605
107.598826605
107.598826605
107.598826605
107.272274026
107.272274026
107.272274026
107.272274026
107.272274026
107.272274026
107.272274026
107.272274026
106.944724333
106.944724333
106.944724333
106.944724333
106.944724333
106.944724333
106.286596702
106.286596702
106.286596702
106.286596702
106.286596702
106.286596702
106.286596702
106.286596702
105.624368469
105.624368469
105.624368469
105.624368469
105.624368469
105.624368469
105.624368469
105.955999955
105.955999955
105.955999955
105.955999955
105.955999955
105.955999955
105.955999955
106.944724333
106.944724333
106.944724333
106.944724333
106.944724333
106.944724333
107.329916576
107.658646034
107.658646034
107.658646034
107.658646034
107.658646034
107.658646034
108.638866372
108.638866372
108.638866372
108.638866372
108.638866372
108.638866372
108.638866372
108.638866372
108.638866372
108.638866372
108.638866372
108.638866372
108.638866372
108.313111916
108.313111916
108.313111916
108.313111916
108.313111916
108.313111916
108.313111916
108.313111916
108.638866372
108.638866372
108.638866372
108.638866372
108.638866372
108.638866372
108.963646966
108.963646966
109.353304112
109.353304112
109.353304112
109.353304112
109.353304112
108.963646966
109.287462381
109.287462381
109.287462381
109.287462381
109.287462381
109.287462381
109.287462381
108.963646966
108.963646966
108.963646966
108.963646966
108.963646966
108.963646966
108.963646966
108.313111916
108.313111916
108.313111916
108.313111916
108.313111916
108.313111916
107.924391121
107.272274026
107.272274026
107.272274026
107.272274026
107.272274026
107.272274026
106.286596702
106.286596702
106.286596702
106.286596702
106.286596702
106.286596702
106.286596702
106.286596702
106.616168336
106.616168336
106.616168336
106.616168336
106.616168336
106.616168336
106.616168336
106.616168336
106.616168336
106.616168336
106.616168336
106.616168336
105.955999955
105.955999955
105.955999955
105.955999955
105.955999955
105.955999955
105.955999955
105.572989461
105.242556759
105.242556759
105.242556759
105.242556759
105.242556759
105.242556759
105.902391165
105.902391165
106.286596702
106.286596702
106.286596702
106.286596702
106.286596702
106.669418509
107.658646034
107.658646034
107.658646034
107.658646034
107.658646034
107.658646034
107.658646034
107.986374786
107.986374786
107.986374786
107.986374786
107.986374786
107.986374786
107.986374786
107.658646034
107.658646034
107.658646034
107.658646034
107.658646034
107.658646034
107.658646034
107.986374786
107.986374786
107.986374786
107.986374786
107.986374786
107.986374786
107.986374786
107.329916576
107.329916576
107.329916576
107.329916576
107.329916576
107.329916576
107.329916576
107.986374786
107.986374786
107.986374786
107.986374786
107.986374786
108.313111916
108.313111916
109.086398367
109.086398367
109.086398367
109.086398367
109.086398367
111.040339926
111.040339926
111.040339926
111.040339926
111.040339926
111.040339926
111.040339926
111.040339926
110.717077697
110.717077697
110.717077697
110.717077697
110.717077697
110.717077697
109.414478501
109.414478501
109.414478501
109.027362093
109.027362093
109.027362093
109.027362093
108.372537178
108.372537178
107.986374786
107.986374786
107.986374786
107.986374786
107.986374786
107.986374786
107.986374786
107.986374786
107.986374786
107.986374786
106.669418509
106.669418509
106.669418509
106.286596702
106.286596702
106.286596702
106.286596702
106.286596702
106.286596702
104.957962015
104.957962015
104.578559236
104.578559236
104.578559236
104.578559236
104.578559236
104.578559236
104.578559236
104.578559236
104.578559236
104.578559236
104.578559236
104.578559236
103.910318788
103.910318788
103.910318788
103.910318788
103.910318788
103.910318788
103.910318788
103.910318788
103.910318788
103.910318788
103.910318788
103.910318788
103.910318788
103.910318788
104.244974465
104.244974465
104.244974465
104.244974465
104.244974465
104.244974465
104.244974465
103.910318788
103.910318788
103.910318788
103.910318788
103.910318788
103.910318788
103.910318788
104.244974465
104.244974465
104.244974465
104.244974465
104.244974465
104.244974465
104.623167025
104.957962015
104.957962015
104.957962015
104.957962015
104.957962015
104.957962015
104.957962015
106.286596702
106.286596702
106.286596702
106.286596702
106.286596702
106.286596702
106.669418509
107.658646034
107.658646034
107.658646034
107.658646034
107.658646034
107.658646034
107.329916576
107.329916576
107.329916576
107.329916576
107.329916576
107.329916576
107.329916576
106.944724333
106.616168336
106.616168336
106.616168336
106.616168336
106.616168336
106.616168336
107.00017719
107.00017719
107.00017719
107.00017719
107.00017719
107.658646034
107.658646034
107.658646034
107.658646034
107.658646034
107.658646034
107.658646034
107.658646034
107.986374786
107.986374786
108.372537178
108.372537178
108.372537178
108.372537178
108.372537178
108.70044273
108.313111916
108.313111916
108.313111916
108.313111916
108.313111916
108.313111916
108.313111916
107.658646034
107.658646034
107.658646034
107.658646034
107.658646034
107.658646034
106.669418509
106.669418509
106.286596702
106.286596702
106.286596702
106.286596702
106.286596702
105.902391165
104.911083316
104.911083316
104.911083316
104.911083316
104.911083316
104.911083316
104.911083316
104.911083316
104.911083316
104.911083316
104.911083316
104.911083316
104.911083316
104.911083316
104.578559236
104.578559236
104.578559236
104.578559236
104.578559236
104.578559236
104.197775099
102.861850936
102.861850936
102.861850936
102.861850936
102.861850936
102.861850936
103.237753023
103.574581823
103.574581823
103.574581823
103.574581823
103.574581823
103.574581823
103.574581823
103.574581823
103.574581823
103.574581823
103.574581823
103.574581823
104.244974465
104.244974465
104.623167025
104.623167025
