22.3
22.3
22.3
22.3
22.3
22.33
22.33
22.33
22.33
22.33
22.33
22.34
22.34
22.34
22.34
22.34
22.34
22.34
22.34
22.34
22.36
22.36
22.36
22.36
22.36
22.39
22.39
22.39
22.39
22.39
22.39
22.39
22.39
22.39
22.41
22.41
22.41
22.41
22.41
22.42
22.42
22.42
22.42
22.42
22.42
22.42
22.42
22.42
22.42
22.42
22.42
22.42
22.42
22.42
22.42
22.42
22.42
22.42
22.42
22.42
22.42
22.42
22.42
22.42
22.42
22.42
22.42
22.42
22.42
22.42
22.42
22.42
22.42
22.4
22.4
22.4
22.4
22.4
22.4
22.4
22.4
22.4
22.4
22.4
22.4
22.4
22.4
22.4
22.4
22.37
22.37
22.37
22.37
22.37
22.37
22.34
22.34
22.34
22.34
22.34
22.34
22.31
22.31
22.31
22.31
22.31
22.31
22.31
22.31
22.31
22.27
22.27
22.27
22.27
22.27
22.27
22.27
22.22
22.22
22.22
22.22
22.22
22.17
22.17
22.17
22.17
22.17
22.17
22.17
22.17
22.17
22.14
22.14
22.14
22.14
22.14
22.14
22.14
22.14
22.14
22.14
22.14
22.14
22.14
22.14
22.16
22.16
22.16
22.16
22.16
22.2
22.2
22.2
22.2
22.2
22.2
22.2
22.2
22.2
22.22
22.22
22.22
22.22
22.22
22.23
22.23
22.23
22.23
22.23
22.23
22.23
22.26
22.26
22.26
22.26
22.26
22.26
22.26
22.26
22.26
22.27
22.27
22.27
22.27
22.27
22.29
22.29
22.29
22.29
22.29
22.29
22.29
22.29
22.29
22.33
22.33
22.33
22.33
22.33
22.37
22.37
22.37
22.37
22.37
22.37
22.37
22.37
22.37
22.39
22.39
22.39
22.39
22.39
22.4
22.4
22.4
22.4
22.4
22.4
22.4
22.4
22.4
22.4
22.4
22.4
22.4
22.4
22.4
22.41
22.41
22.41
22.41
22.41
22.41
22.43
22.43
22.43
22.43
22.43
22.43
22.43
22.45
22.45
22.45
22.45
22.45
22.45
22.45
22.45
22.45
22.48
22.48
22.48
22.48
22.48
22.48
22.5
22.5
22.5
22.5
22.5
22.5
22.51
22.51
22.51
22.51
22.51
22.51
22.51
22.52
22.52
22.52
22.52
22.52
22.52
22.52
22.52
22.52
22.52
22.52
22.52
22.52
22.52
22.52
22.52
22.52
22.52
22.52
22.52
22.52
22.52
22.52
22.53
22.53
22.53
22.53
22.53
22.56
22.56
22.56
22.56
22.56
22.56
22.56
22.56
22.56
22.57
22.57
22.57
22.57
22.57
22.57
22.57
22.57
22.57
22.57
22.57
22.57
22.57
22.57
22.58
22.58
22.58
22.58
22.58
22.61
22.61
22.61
22.61
22.61
22.61
22.61
22.65
22.65
22.65
22.65
22.65
22.65
22.65
22.65
22.65
22.67
22.67
22.67
22.67
22.67
22.68
22.68
22.68
22.68
22.68
22.68
22.68
22.68
22.68
22.66
22.66
22.66
22.66
22.66
22.62
22.62
22.62
22.62
22.62
22.62
22.62
22.62
22.62
22.57
22.57
22.57
22.57
22.57
22.52
22.52
22.52
22.52
22.52
22.52
22.52
22.52
22.52
22.48
22.48
22.48
22.48
22.48
22.48
22.46
22.46
22.46
22.46
22.46
22.45
22.45
22.45
22.45
22.45
22.45
22.45
22.46
22.46
22.46
22.46
22.46
22.46
22.46
22.46
22.46
22.45
22.45
22.45
22.45
22.45
22.45
22.44
22.44
22.44
22.44
22.44
22.44
22.41
22.41
22.41
22.41
22.41
22.41
22.41
22.41
22.41
22.41
22.41
22.41
22.41
22.41
22.41
22.41
22.4
22.4
22.4
22.4
22.4
22.39
22.39
22.39
22.39
22.39
22.39
22.39
22.39
22.39
22.36
22.36
22.36
22.36
22.36
22.34
22.34
22.34
22.34
22.34
22.34
22.34
22.34
22.34
22.33
22.33
22.33
22.33
22.33
22.33
22.33
22.33
22.33
22.33
22.33
22.33
22.33
22.33
22.34
22.34
22.34
22.34
22.34
22.34
22.34
22.34
22.34
22.34
22.34
22.34
22.31
22.31
22.31
22.31
22.31
22.31
22.31
22.31
22.31
22.28
22.28
22.28
22.28
22.28
22.28
22.24
22.24
22.24
22.24
22.24
22.24
22.19
22.19
22.19
22.19
22.19
22.19
22.19
22.19
22.19
22.15
