82.84
83.55
83.55
83.55
83.55
83.55
83.55
83.55
84.61
84.61
84.61
84.61
84.61
84.61
85.61
85.61
85.61
85.61
85.61
85.61
85.61
85.61
86.36
86.36
86.36
86.36
86.36
86.36
86.36
86.74
86.74
86.74
86.74
86.74
86.74
87.11
87.11
87.11
87.11
87.11
87.11
87.11
87.41
87.41
87.41
87.41
87.41
87.41
87.58
87.58
87.58
87.58
87.58
87.58
87.58
87.58
87.77
87.77
87.77
87.77
87.77
87.77
87.77
87.98
87.98
87.98
87.98
87.98
87.98
88.21
88.21
88.21
88.21
88.21
88.21
88.21
88.21
88.37
88.37
88.37
88.37
88.37
88.37
88.6
88.6
88.6
88.6
88.6
88.6
88.6
88.77
88.77
88.77
88.77
88.77
88.77
88.77
88.77
89.03
89.03
89.03
89.03
89.03
89.03
89.03
89.38
89.38
89.38
89.38
89.38
89.38
89.62
89.62
89.62
89.62
89.62
89.62
89.62
89.62
89.88
89.88
89.88
89.88
89.88
89.88
89.88
90.08
90.08
90.08
90.08
90.08
90.08
90.3
90.3
90.3
90.3
90.3
90.3
90.3
90.3
90.5
90.5
90.5
90.5
90.5
90.5
90.8
90.8
90.8
90.8
90.8
90.8
90.8
90.8
91.03
91.03
91.03
91.03
91.03
91.03
91.31
91.31
91.31
91.31
91.31
91.31
91.31
91.31
91.56
91.56
91.56
91.56
91.56
91.56
91.74
91.74
91.74
91.74
91.74
91.74
91.74
91.74
91.96
91.96
91.96
91.96
91.96
91.96
91.96
92.18
92.18
92.18
92.18
92.18
92.18
92.42
92.42
92.42
92.42
92.42
92.42
92.42
92.42
92.61
92.61
92.61
92.61
92.61
92.61
92.91
92.91
92.91
92.91
92.91
92.91
92.91
92.91
93.09
93.09
93.09
93.09
93.09
93.09
93.35
93.35
93.35
93.35
93.35
93.35
93.35
93.53
93.53
93.53
93.53
93.53
93.53
93.53
93.65
93.65
93.65
93.65
93.65
93.65
93.65
93.65
93.84
93.84
93.84
93.84
93.84
93.84
94.06
94.06
94.06
94.06
94.06
94.06
94.06
94.06
94.32
94.32
94.32
94.32
94.32
94.32
94.56
94.56
94.56
94.56
94.56
94.56
94.56
94.73
94.73
94.73
94.73
94.73
94.73
94.73
94.73
94.95
94.95
94.95
94.95
94.95
94.95
94.95
95.08
95.08
95.08
95.08
95.08
95.08
95.29
95.29
95.29
95.29
95.29
95.29
95.29
95.29
95.45
95.45
95.45
95.45
95.45
95.45
95.74
95.74
95.74
95.74
95.74
95.74
95.74
95.74
95.93
95.93
95.93
95.93
95.93
95.93
96.14
96.14
96.14
96.14
96.14
96.14
96.14
96.14
96.34
96.34
96.34
96.34
96.34
96.34
96.48
96.48
96.48
96.48
96.48
96.48
96.48
96.48
96.67
96.67
96.67
96.67
96.67
96.67
96.67
96.78
96.78
96.78
96.78
96.78
96.78
96.87
96.87
96.87
96.87
96.87
96.87
96.87
96.87
97.01
97.01
97.01
97.01
97.01
97.01
97.18
97.18
97.18
97.18
97.18
97.18
97.18
97.18
97.38
97.38
97.38
97.38
97.38
97.38
97.51
97.51
97.51
97.51
97.51
97.51
97.51
97.64
97.64
97.64
97.64
97.64
97.72
97.72
97.72
97.72
97.72
97.72
97.72
97.72
97.72
97.98
97.98
97.98
97.98
97.98
97.98
98.07
98.07
98.07
98.07
98.07
98.07
98.07
98.07
98.22
98.22
98.22
98.22
98.22
98.22
98.22
98.31
98.31
98.31
98.31
98.31
98.31
98.42
98.42
98.42
98.42
98.42
98.42
98.42
98.42
98.48
98.48
98.48
98.48
98.48
98.48
98.48
98.55
98.55
98.55
98.55
98.55
98.55
98.57
98.57
98.57
98.57
98.57
98.57
98.57
98.57
98.51
98.51
98.51
98.51
98.51
98.51
98.63
98.63
98.63
98.63
98.63
98.63
98.63
98.63
98.78
98.78
98.78
98.78
98.78
98.78
98.95
98.95
98.95
98.95
98.95
98.95
98.95
99.02
99.02
99.02
99.02
99.02
99.02
99.02
99.02
99.02
99.02
99.02
99.02
99.02
99.02
98.97
98.97
98.97
98.97
98.97
98.97
98.97
98.97
99.05
99.05
99.05
99.05
99.05
99.05
99.05
99.12
99.12
99.12
99.12
99.12
99.12
