113.629760233
113.629760233
113.629760233
113.228948543
113.228948543
113.228948543
113.228948543
113.228948543
113.228948543
113.228948543
112.826712996
112.826712996
112.826712996
112.826712996
112.826712996
112.826712996
112.826712996
112.826712996
112.512114976
112.512114976
112.512114976
112.512114976
112.512114976
112.512114976
112.109565868
112.109565868
112.109565868
112.109565868
112.109565868
112.109565868
111.30009993
111.30009993
110.988018274
110.988018274
110.988018274
110.988018274
110.988018274
111.30009993
111.30009993
111.30009993
111.30009993
111.30009993
111.30009993
110.988018274
111.392347548
111.392347548
111.392347548
111.392347548
111.392347548
111.392347548
111.392347548
110.988018274
110.988018274
110.988018274
110.988018274
110.988018274
110.988018274
110.988018274
110.988018274
110.988018274
110.988018274
110.988018274
110.988018274
110.988018274
110.988018274
110.582210632
110.582210632
110.582210632
110.582210632
110.582210632
110.582210632
110.582210632
110.582210632
110.582210632
110.582210632
110.582210632
110.582210632
110.582210632
110.2703933
109.864239459
109.864239459
109.864239459
109.864239459
109.864239459
109.864239459
109.864239459
109.552689681
109.146184793
109.146184793
109.146184793
109.146184793
109.146184793
108.328598863
108.328598863
108.019651642
108.019651642
108.019651642
108.019651642
108.019651642
108.019651642
107.198197502
107.198197502
107.198197502
107.198197502
108.019651642
108.019651642
108.019651642
108.328598863
108.328598863
108.328598863
108.328598863
108.328598863
108.328598863
108.738160244
108.738160244
108.738160244
108.738160244
108.738160244
108.738160244
108.738160244
108.738160244
109.146184793
109.146184793
109.146184793
109.146184793
109.146184793
109.146184793
109.146184793
109.146184793
109.146184793
109.146184793
109.146184793
109.146184793
109.146184793
109.146184793
108.738160244
108.738160244
108.738160244
108.738160244
108.738160244
108.738160244
109.047393634
109.456578537
109.456578537
109.456578537
109.456578537
109.456578537
109.456578537
109.456578537
109.864239459
109.864239459
109.864239459
109.864239459
109.864239459
109.864239459
109.864239459
109.456578537
109.456578537
109.456578537
109.456578537
109.456578537
109.456578537
109.864239459
110.174908288
110.174908288
110.174908288
110.174908288
110.174908288
110.174908288
110.174908288
110.174908288
110.174908288
110.174908288
110.174908288
110.174908288
110.174908288
110.582210632
110.582210632
110.582210632
110.582210632
110.582210632
110.582210632
110.582210632
110.582210632
110.174908288
110.174908288
110.174908288
110.174908288
110.174908288
110.174908288
110.174908288
110.174908288
110.174908288
110.174908288
110.174908288
110.174908288
110.174908288
110.174908288
110.174908288
110.174908288
110.174908288
110.174908288
110.174908288
110.174908288
110.174908288
109.355752626
109.355752626
109.355752626
109.355752626
109.355752626
109.355752626
109.355752626
110.582210632
110.582210632
110.582210632
110.582210632
110.582210632
110.582210632
110.893151219
110.893151219
110.893151219
110.893151219
110.893151219
110.893151219
110.893151219
111.30009993
111.30009993
111.30009993
111.30009993
111.30009993
111.30009993
111.30009993
111.30009993
111.30009993
111.30009993
111.30009993
111.30009993
111.30009993
111.30009993
111.30009993
110.893151219
110.893151219
110.893151219
110.893151219
110.893151219
110.893151219
110.582210632
109.766094603
109.766094603
109.766094603
109.766094603
109.766094603
109.766094603
109.355752626
109.355752626
109.047393634
109.047393634
109.047393634
109.047393634
109.047393634
109.355752626
109.766094603
109.766094603
109.766094603
109.766094603
109.766094603
109.766094603
110.174908288
110.174908288
110.174908288
110.174908288
110.174908288
110.174908288
110.174908288
109.766094603
109.766094603
109.766094603
109.766094603
109.766094603
109.766094603
109.766094603
109.456578537
109.047393634
109.047393634
109.047393634
109.047393634
109.047393634
109.047393634
108.636667528
108.636667528
108.328598863
108.328598863
108.328598863
108.328598863
108.328598863
108.019651642
107.609708411
107.609708411
107.609708411
107.609708411
107.609708411
107.609708411
107.917483153
107.504795281
107.504795281
107.504795281
107.504795281
107.504795281
107.504795281
107.810521184
109.047393634
109.047393634
109.047393634
109.047393634
109.047393634
109.047393634
109.047393634
108.636667528
108.636667528
108.636667528
108.636667528
108.636667528
108.636667528
108.224382672
108.224382672
108.224382672
108.224382672
108.224382672
108.224382672
108.224382672
108.530414394
109.766094603
109.766094603
109.766094603
109.766094603
109.766094603
109.766094603
109.766094603
109.766094603
109.766094603
109.766094603
109.766094603
109.766094603
109.766094603
109.766094603
110.174908288
110.174908288
110.174908288
110.174908288
110.174908288
110.174908288
109.766094603
109.766094603
109.766094603
109.766094603
109.766094603
109.766094603
109.766094603
109.766094603
109.766094603
109.766094603
109.766094603
109.766094603
109.766094603
109.766094603
109.766094603
109.355752626
109.355752626
109.355752626
109.355752626
109.355752626
109.355752626
109.663244597
110.484703602
110.484703602
110.484703602
110.484703602
110.484703602
110.484703602
110.484703602
110.484703602
110.484703602
110.484703602
110.484703602
110.484703602
110.484703602
110.484703602
110.484703602
110.484703602
110.484703602
110.484703602
110.484703602
110.074740394
110.074740394
110.074740394
110.074740394
110.074740394
110.074740394
110.074740394
109.766094603
108.943865089
108.943865089
108.943865089
108.943865089
108.943865089
108.943865089
109.250198893
110.484703602
110.484703602
110.484703602
110.484703602
110.484703602
110.484703602
110.484703602
110.484703602
110.484703602
110.484703602
110.484703602
110.484703602
110.484703602
110.793632725
111.611309004
111.611309004
111.611309004
111.611309004
111.203222413
111.203222413
111.203222413
111.203222413
111.203222413
111.203222413
111.203222413
111.203222413
111.203222413
112.017908927
112.017908927
112.329383279
112.329383279
112.329383279
112.329383279
112.329383279
112.949755329
113.358254873
113.358254873
113.358254873
113.358254873
113.358254873
113.358254873
113.765287618
113.765287618
113.765287618
113.765287618
113.765287618
113.765287618
113.765287618
113.765287618
114.170869253
114.170869253
114.170869253
114.170869253
114.170869253
114.170869253
114.170869253
113.765287618
113.765287618
113.765287618
113.765287618
113.765287618
113.765287618
113.765287618
113.765287618
113.765287618
113.765287618
113.765287618
113.765287618
113.765287618
114.076429868
114.888372
114.888372
114.888372
114.888372
114.888372
114.888372
115.292198806
115.292198806
115.605801738
115.605801738
115.605801738
115.605801738
115.605801738
115.918556297
116.726360888
116.726360888
116.726360888
116.726360888
116.726360888
116.726360888
116.726360888
117.12817399
117.12817399
117.12817399
117.12817399
117.12817399
117.12817399
116.726360888
116.726360888
116.726360888
116.726360888
116.726360888
116.726360888
116.726360888
116.726360888
116.323159818
116.323159818
116.323159818
116.323159818
116.323159818
116.323159818
116.726360888
116.726360888
116.726360888
116.726360888
116.726360888
