107.658646034
107.658646034
107.658646034
107.658646034
107.658646034
107.658646034
107.658646034
107.986374786
107.986374786
108.372537178
108.372537178
108.372537178
108.372537178
108.372537178
108.70044273
108.313111916
108.313111916
108.313111916
108.313111916
108.313111916
108.313111916
108.313111916
107.658646034
107.658646034
107.658646034
107.658646034
107.658646034
107.658646034
106.669418509
106.669418509
106.286596702
106.286596702
106.286596702
106.286596702
106.286596702
105.902391165
104.911083316
104.911083316
104.911083316
104.911083316
104.911083316
104.911083316
104.911083316
104.911083316
104.911083316
104.911083316
104.911083316
104.911083316
104.911083316
104.911083316
104.578559236
104.578559236
104.578559236
104.578559236
104.578559236
104.578559236
104.197775099
102.861850936
102.861850936
102.861850936
102.861850936
102.861850936
102.861850936
103.237753023
103.574581823
103.574581823
103.574581823
103.574581823
103.574581823
103.574581823
103.574581823
103.574581823
103.574581823
103.574581823
103.574581823
103.574581823
104.244974465
104.244974465
104.623167025
104.623167025
104.623167025
104.623167025
104.623167025
104.99999751
106.337631023
106.337631023
106.337631023
106.337631023
106.337631023
106.337631023
107.329916576
107.329916576
107.329916576
107.329916576
107.329916576
107.329916576
107.329916576
107.713731455
108.372537178
108.372537178
108.372537178
108.372537178
108.372537178
108.372537178
108.372537178
109.353304112
109.353304112
109.353304112
109.353304112
109.353304112
109.353304112
109.353304112
108.70044273
108.70044273
108.70044273
108.70044273
108.70044273
108.70044273
108.70044273
108.70044273
108.70044273
108.70044273
108.70044273
108.70044273
108.70044273
108.70044273
108.70044273
108.70044273
108.70044273
108.70044273
108.70044273
108.70044273
108.70044273
108.70044273
108.70044273
108.70044273
108.70044273
108.70044273
108.70044273
108.043636459
108.043636459
108.043636459
108.043636459
108.043636459
108.043636459
108.043636459
107.658646034
107.329916576
107.329916576
107.329916576
107.329916576
107.329916576
107.329916576
107.658646034
107.658646034
108.043636459
108.043636459
108.043636459
108.043636459
108.043636459
108.043636459
108.372537178
108.372537178
108.372537178
108.372537178
108.372537178
108.372537178
108.372537178
108.70044273
108.70044273
108.70044273
108.70044273
108.70044273
108.70044273
108.70044273
108.372537178
108.372537178
108.372537178
108.372537178
108.372537178
108.372537178
108.372537178
108.043636459
108.043636459
108.043636459
108.043636459
108.043636459
108.043636459
108.427260016
109.086398367
109.086398367
109.086398367
109.086398367
109.086398367
109.086398367
109.47099337
110.782069963
110.782069963
110.782069963
110.782069963
110.128482725
110.128482725
110.128482725
110.128482725
110.128482725
110.128482725
110.128482725
110.128482725
110.455759769
110.067705072
110.067705072
110.067705072
110.067705072
110.067705072
110.067705072
110.067705072
109.414478501
109.414478501
109.414478501
109.414478501
109.414478501
109.414478501
109.414478501
109.414478501
109.414478501
109.414478501
109.414478501
109.414478501
109.414478501
109.027362093
108.70044273
108.70044273
108.70044273
108.70044273
108.70044273
108.70044273
107.713731455
107.713731455
107.329916576
107.329916576
107.329916576
107.329916576
107.329916576
107.329916576
106.00480507
106.00480507
106.00480507
106.00480507
106.00480507
106.00480507
106.00480507
106.00480507
106.00480507
106.00480507
106.00480507
106.00480507
106.00480507
106.00480507
106.337631023
106.337631023
106.337631023
106.337631023
106.337631023
106.337631023
106.71789746
107.050871428
107.050871428
107.050871428
107.050871428
107.050871428
107.050871428
107.050871428
107.050871428
107.050871428
107.050871428
107.050871428
107.050871428
106.669418509
106.00480507
106.00480507
106.00480507
106.00480507
106.00480507
106.00480507
106.00480507
106.00480507
106.00480507
106.00480507
106.00480507
106.00480507
106.00480507
106.383881312
107.050871428
107.050871428
107.050871428
107.050871428
107.050871428
107.050871428
108.043636459
108.043636459
108.427260016
108.427260016
108.427260016
108.427260016
108.427260016
108.427260016
109.414478501
109.414478501
109.414478501
109.414478501
109.414478501
109.414478501
109.027362093
108.372537178
108.372537178
108.372537178
108.372537178
108.372537178
108.372537178
108.372537178
107.713731455
107.713731455
107.713731455
107.713731455
107.713731455
107.713731455
107.713731455
107.382812911
107.382812911
107.382812911
107.382812911
107.382812911
107.382812911
107.382812911
107.382812911
107.382812911
107.382812911
107.382812911
107.382812911
107.382812911
107.382812911
108.043636459
108.043636459
108.043636459
108.043636459
108.043636459
107.382812911
107.382812911
107.382812911
107.382812911
107.382812911
107.382812911
107.382812911
107.382812911
107.050871428
107.050871428
107.050871428
107.050871428
107.050871428
107.050871428
106.669418509
106.337631023
106.337631023
106.337631023
106.337631023
106.337631023
106.337631023
106.71789746
107.050871428
107.050871428
107.050871428
107.050871428
107.050871428
107.050871428
106.669418509
106.00480507
106.00480507
106.00480507
106.00480507
106.00480507
106.00480507
106.00480507
106.00480507
106.00480507
106.00480507
106.00480507
106.00480507
106.00480507
105.624368469
105.291692466
105.291692466
105.291692466
105.291692466
105.291692466
105.291692466
103.950342252
103.950342252
103.950342252
103.950342252
103.950342252
103.950342252
103.950342252
103.950342252
104.287297243
104.287297243
104.287297243
104.287297243
104.287297243
104.287297243
104.662917997
104.99999751
104.99999751
104.99999751
104.99999751
104.99999751
105.375480532
106.71789746
106.71789746
106.71789746
106.71789746
106.71789746
106.71789746
106.71789746
107.050871428
107.050871428
107.050871428
107.050871428
107.050871428
107.050871428
107.050871428
107.050871428
107.050871428
107.050871428
107.050871428
107.050871428
107.050871428
107.050871428
107.050871428
107.050871428
107.050871428
107.050871428
107.050871428
107.050871428
107.430970039
108.09618364
108.09618364
108.09618364
108.09618364
108.09618364
108.09618364
107.764090125
107.764090125
107.382812911
107.382812911
107.382812911
107.382812911
107.382812911
107.382812911
107.050871428
107.050871428
107.050871428
107.050871428
107.050871428
107.050871428
107.050871428
106.71789746
106.71789746
106.71789746
106.71789746
106.71789746
106.71789746
106.337631023
106.00480507
106.00480507
106.00480507
106.00480507
106.00480507
106.00480507
106.383881312
106.048813137
106.048813137
106.048813137
106.048813137
106.048813137
106.048813137
106.048813137
106.383881312
106.383881312
106.383881312
106.383881312
106.383881312
106.383881312
106.383881312
106.71789746
106.71789746
106.71789746
106.71789746
106.71789746
106.71789746
106.71789746
106.71789746
106.71789746
106.71789746
106.71789746
106.71789746
106.71789746
106.048813137
105.670930839
105.670930839
105.670930839
105.670930839
105.670930839
105.670930839
105.670930839
105.335998361
105.335998361
105.335998361
105.335998361
105.335998361
105.335998361
105.670930839
105.670930839
105.670930839
105.670930839
105.670930839
105.670930839
105.670930839
105.670930839
104.99999751
104.99999751
104.99999751
104.99999751
104.99999751
104.99999751
104.99999751
105.670930839
105.670930839
105.670930839
105.670930839
105.670930839
105.670930839
106.048813137
106.71789746
106.71789746
106.71789746
106.71789746
106.71789746
106.71789746
106.71789746
107.050871428
107.050871428
107.050871428
107.050871428
107.050871428
107.050871428
107.713731455
107.713731455
107.713731455
107.713731455
107.713731455
107.713731455
108.09618364
108.427260016
108.427260016
108.427260016
108.427260016
108.427260016
108.427260016
108.427260016
108.427260016
108.427260016
108.427260016
108.427260016
108.427260016
108.427260016
108.427260016
108.427260016
108.427260016
108.427260016
108.427260016
108.427260016
108.427260016
108.427260016
108.757328542
108.757328542
108.757328542
108.757328542
108.757328542
108.757328542
108.757328542
108.757328542
108.757328542
108.757328542
108.757328542
108.757328542
108.757328542
108.757328542
108.757328542
108.757328542
108.757328542
108.757328542
108.757328542
108.757328542
108.757328542
108.09618364
108.09618364
108.09618364
108.09618364
108.09618364
108.09618364
107.430970039
107.430970039
107.050871428
107.050871428
107.050871428
107.050871428
107.050871428
107.050871428
107.050871428
107.050871428
107.050871428
107.050871428
107.050871428
107.050871428
106.71789746
106.71789746
106.71789746
106.71789746
