16.56
16.56
16.56
16.56
16.58
16.58
16.58
16.58
16.58
16.58
16.59
16.59
16.59
16.59
16.59
16.59
16.62
16.62
16.62
16.62
16.62
16.62
16.62
16.63
16.63
16.63
16.63
16.63
16.63
16.63
16.63
16.63
16.63
16.63
16.63
16.63
16.63
16.65
16.65
16.65
16.65
16.65
16.65
16.65
16.65
16.65
16.66
16.66
16.66
16.66
16.66
16.67
16.67
16.67
16.67
16.67
16.67
16.67
16.67
16.67
16.67
16.67
16.67
16.67
16.67
16.68
16.68
16.68
16.68
16.68
16.68
16.68
16.68
16.67
16.67
16.67
16.67
16.67
16.67
16.66
16.66
16.66
16.66
16.66
16.66
16.65
16.65
16.65
16.65
16.65
16.65
16.65
16.65
16.65
16.65
16.65
16.65
16.65
16.65
16.65
16.65
16.65
16.65
16.65
16.65
16.65
16.65
16.65
16.63
16.63
16.63
16.63
16.63
16.63
16.63
16.63
16.63
16.63
16.63
16.63
16.63
16.63
16.65
16.65
16.65
16.65
16.65
16.67
16.67
16.67
16.67
16.67
16.67
16.67
16.67
16.67
16.66
16.66
16.66
16.66
16.66
16.66
16.66
16.66
16.66
16.66
16.66
16.66
16.65
16.65
16.65
16.65
16.65
16.65
16.65
16.65
16.65
16.65
16.65
16.65
16.65
16.65
16.66
16.66
16.66
16.66
16.66
16.66
16.66
16.66
16.66
16.66
16.66
16.66
16.66
16.66
16.66
16.66
16.66
16.66
16.66
16.66
16.66
16.66
16.66
16.65
16.65
16.65
16.65
16.65
16.63
16.63
16.63
16.63
16.63
16.63
16.63
16.63
16.63
16.61
16.61
16.61
16.61
16.61
16.61
16.61
16.59
16.59
16.59
16.59
16.57
16.57
16.57
16.57
16.57
16.57
16.57
16.54
16.54
16.54
16.54
16.54
16.54
16.54
16.54
16.54
16.54
16.54
16.54
16.54
16.54
16.53
16.53
16.53
16.53
16.53
16.53
16.53
16.53
16.53
16.52
16.52
16.52
16.52
16.52
16.51
16.51
16.51
16.51
16.51
16.51
16.51
16.51
16.51
16.5
16.5
16.5
16.5
16.5
16.52
16.52
16.52
16.52
16.52
16.52
16.52
16.52
16.52
16.54
16.54
16.54
16.54
16.54
16.53
16.53
16.53
16.53
16.53
16.53
16.49
16.49
16.49
16.49
16.49
16.49
16.49
16.49
16.49
16.46
16.46
16.46
16.46
16.46
16.43
16.43
16.43
16.43
16.43
16.43
16.43
16.43
16.43
16.4
16.4
16.4
16.4
16.4
16.4
16.4
16.4
16.4
16.4
16.4
16.4
16.4
16.4
16.38
16.38
16.38
16.38
16.38
16.36
16.36
16.36
16.36
16.36
16.36
16.36
16.36
16.36
16.33
16.33
16.33
16.33
16.33
16.33
16.29
16.29
16.29
16.29
16.29
16.29
16.24
16.24
16.24
16.24
16.24
16.24
16.24
16.24
16.2
16.2
16.2
16.2
16.2
16.19
16.19
16.19
16.19
16.19
16.19
16.19
16.19
16.19
16.19
16.19
16.19
16.19
16.19
16.17
16.17
16.17
16.17
16.17
16.17
16.17
16.17
16.17
16.13
16.13
16.13
16.13
16.13
16.09
16.09
16.09
16.09
16.09
16.09
16.09
16.09
16.09
16.05
16.05
16.05
16.05
16.05
15.99
15.99
15.99
15.99
15.99
15.99
15.99
15.95
15.95
15.95
15.95
15.95
15.95
15.95
15.95
15.95
15.9
15.9
15.9
15.9
15.9
15.9
15.9
15.9
15.9
15.9
15.9
15.9
15.9
15.9
15.9
15.9
15.9
15.9
15.9
15.9
15.87
15.87
15.87
15.87
15.87
15.87
15.84
15.84
15.84
15.84
15.84
15.84
15.82
15.82
15.82
15.82
15.82
15.82
15.82
15.82
15.82
15.81
15.81
15.81
15.81
15.81
15.78
15.78
15.78
15.78
15.78
15.78
15.78
15.78
15.78
15.76
15.76
15.76
15.76
15.76
15.75
15.75
15.75
15.75
15.75
15.75
15.75
15.75
15.75
15.73
15.73
15.73
15.73
15.73
15.7
15.7
15.7
15.7
15.7
15.7
15.7
15.67
15.67
15.67
15.67
15.67
15.67
15.67
15.67
15.67
15.65
15.65
15.65
15.65
15.65
15.64
15.64
15.64
15.64
15.64
15.64
15.64
15.59
15.59
15.59
15.59
15.59
15.59
15.59
15.59
15.59
15.56
15.56
15.56
15.56
15.56
15.54
15.54
15.54
15.54
15.54
15.54
15.54
15.54
15.54
15.51
15.51
15.51
15.51
15.51
15.48
15.48
15.48
15.48
15.48
15.48
15.48
15.48
15.48
15.45
15.45
15.45
15.45
15.47
15.47
15.47
15.47
15.47
15.47
15.47
15.47
15.47
15.47
15.47
15.47
15.47
15.47
15.47
15.45
15.45
15.45
15.45
15.45
15.45
15.43
15.43
15.43
15.43
15.43
15.43
15.43
15.43
15.43
15.4
15.4
15.4
15.4
15.4
15.4
15.4
15.39
15.39
15.39
15.39
15.39
15.39
15.37
15.37
15.37
15.37
15.37
15.37
15.36
15.36
15.36
15.36
15.36
15.36
15.36
15.36
15.36
15.34
15.34
15.34
15.34
15.34
15.32
15.32
15.32
15.32
15.32
15.32
15.32
15.32
15.3
