78.84
78.84
78.84
78.84
78.84
78.67
78.67
78.67
78.67
78.67
78.67
78.4
78.4
78.4
78.4
78.4
78.4
78.4
78.4
78.4
78.14
78.14
78.14
78.14
78.14
78.14
77.91
77.91
77.91
77.91
77.91
77.91
77.91
77.67
77.67
77.67
77.67
77.67
77.67
77.67
77.67
77.5
77.5
77.5
77.5
77.5
77.5
77.31
77.31
77.31
77.31
77.31
77.31
77.31
77.31
77.19
77.19
77.19
77.19
77.19
77.19
77.17
77.17
77.17
77.17
77.17
77.17
77.17
77.22
77.22
77.22
77.22
77.22
77.22
77.36
77.36
77.36
77.36
77.36
77.36
77.36
77.36
77.58
77.58
77.58
77.58
77.58
77.58
77.79
77.79
77.79
77.79
77.79
77.79
77.79
78.0
78.0
78.0
78.0
78.0
78.0
78.0
78.0
78.23
78.23
78.23
78.23
78.23
78.23
78.4
78.4
78.4
78.4
78.4
78.4
78.4
78.4
79.45
79.45
79.45
79.45
79.45
79.45
80.76
80.76
80.76
80.76
80.76
80.76
80.76
80.76
82.02
82.02
82.02
82.02
82.02
82.02
83.03
83.03
83.03
83.03
83.03
83.03
83.03
83.03
83.91
83.91
83.91
83.91
83.91
83.91
84.6
84.6
84.6
84.6
84.6
84.6
84.6
85.19
85.19
85.19
85.19
85.19
85.19
85.19
85.19
85.67
85.67
85.67
85.67
85.67
85.67
86.12
86.12
86.12
86.12
86.12
86.12
86.12
86.12
86.55
86.55
86.55
86.55
86.55
86.55
87.06
87.06
87.06
87.06
87.06
87.06
87.06
87.06
87.53
87.53
87.53
87.53
87.53
87.53
87.53
87.88
87.88
87.88
87.88
87.88
87.88
88.27
88.27
88.27
88.27
88.27
88.27
88.27
88.62
88.62
88.62
88.62
88.62
88.62
88.96
88.96
88.96
88.96
88.96
88.96
88.96
88.96
89.28
89.28
89.28
89.28
89.28
89.28
89.28
89.55
89.55
89.55
89.55
89.55
89.55
89.78
89.78
89.78
89.78
89.78
89.78
89.78
89.78
90.15
90.15
90.15
90.15
90.15
90.15
90.56
90.56
90.56
90.56
90.56
90.56
90.56
90.56
90.78
90.78
90.78
90.78
90.78
90.78
91.1
91.1
91.1
91.1
91.1
91.1
91.1
91.34
91.34
91.34
91.34
91.34
91.34
91.57
91.57
91.57
91.57
91.57
91.57
91.57
91.57
91.92
91.92
91.92
91.92
91.92
91.92
91.92
92.22
92.22
92.22
92.22
92.22
92.22
92.45
92.45
92.45
92.45
92.45
92.45
92.45
92.45
92.6
92.6
92.6
92.6
92.6
92.6
92.76
92.76
92.76
92.76
92.76
92.76
92.76
92.76
92.93
92.93
92.93
92.93
92.93
92.93
93.16
93.16
93.16
93.16
93.16
93.16
93.16
93.16
93.46
93.46
93.46
93.46
93.46
93.46
93.57
93.57
93.57
93.57
93.57
93.57
93.78
93.78
93.78
93.78
93.78
93.78
93.78
93.78
93.9
93.9
93.9
93.9
93.9
93.9
94.15
94.15
94.15
94.15
94.15
94.15
94.15
94.15
94.28
94.28
94.28
94.28
94.28
94.28
94.42
94.42
94.42
94.42
94.42
94.42
94.42
94.42
94.34
94.34
94.34
94.34
94.34
94.34
94.15
94.15
94.15
94.15
94.15
94.15
94.0
94.0
94.0
94.0
94.0
94.0
94.0
94.0
94.0
93.85
93.85
93.85
93.85
93.85
93.85
93.69
93.69
93.69
93.69
93.69
93.69
93.5
93.5
93.5
93.5
93.5
93.5
93.5
93.5
93.24
93.24
93.24
93.24
93.24
93.24
93.09
93.09
93.09
93.09
93.09
93.09
93.09
93.09
93.0
93.0
93.0
93.0
93.0
93.0
93.0
92.95
92.95
92.95
92.95
92.95
92.95
92.92
92.92
92.92
92.92
92.92
92.92
92.92
92.92
92.94
92.94
92.94
92.94
92.94
92.94
93.03
93.03
93.03
93.03
93.03
93.03
93.03
93.03
93.11
93.11
93.11
93.11
93.11
93.11
93.24
93.24
93.24
93.24
93.24
93.24
93.34
93.34
93.34
93.34
93.34
93.34
93.34
93.34
93.34
93.45
93.45
93.45
93.45
93.45
93.45
93.62
93.62
93.62
93.62
93.62
93.62
93.62
93.62
93.77
93.77
93.77
93.77
93.77
93.77
93.93
93.93
93.93
93.93
93.93
93.93
93.93
94.1
94.1
94.1
94.1
94.1
94.1
94.1
94.1
94.34
94.34
94.34
94.34
94.34
94.34
94.45
94.45
94.45
94.45
94.45
94.45
94.45
94.45
94.55
94.55
94.55
94.55
94.55
94.55
94.82
94.82
94.82
94.82
94.82
94.82
94.82
94.94
94.94
94.94
94.94
94.94
94.94
95.11
95.11
95.11
95.11
95.11
95.11
95.11
95.11
95.35
95.35
95.35
95.35
95.35
95.52
95.52
95.52
95.52
95.52
95.52
95.52
95.52
95.62
95.62
95.62
95.62
95.62
95.62
95.62
95.67
95.67
95.67
95.67
95.67
95.67
95.67
95.67
95.76
95.76
95.76
95.76
95.76
95.76
95.86
95.86
95.86
95.86
95.86
95.86
95.86
96.09
96.09
96.09
96.09
96.09
96.09
96.09
96.28
96.28
96.28
96.28
96.28
96.28
