142.559432392
142.559432392
142.559432392
142.559432392
142.559432392
142.559432392
142.292784345
142.766305735
142.766305735
142.766305735
142.766305735
142.766305735
142.766305735
141.340982463
141.340982463
141.075620773
141.075620773
141.075620773
141.075620773
141.075620773
141.340982463
142.292784345
142.292784345
142.292784345
142.292784345
142.292784345
142.292784345
142.559432392
143.033841132
143.033841132
143.033841132
143.033841132
143.033841132
143.033841132
142.766305735
142.292784345
142.292784345
142.292784345
142.292784345
142.292784345
142.292784345
142.559432392
143.033841132
143.033841132
143.033841132
143.033841132
143.033841132
143.033841132
142.766305735
142.292784345
142.292784345
142.292784345
142.292784345
142.292784345
142.292784345
142.292784345
142.292784345
142.292784345
142.292784345
142.292784345
142.292784345
142.292784345
142.292784345
142.025635687
142.025635687
142.025635687
142.025635687
142.025635687
142.025635687
142.969338
143.238261752
143.238261752
143.238261752
143.238261752
143.238261752
143.238261752
143.238261752
142.766305735
142.766305735
142.766305735
142.766305735
142.766305735
142.766305735
143.238261752
143.238261752
143.506681566
143.506681566
143.506681566
143.506681566
143.506681566
143.506681566
143.506681566
143.238261752
143.238261752
143.238261752
143.238261752
143.238261752
143.238261752
142.766305735
142.766305735
142.766305735
142.766305735
142.766305735
142.766305735
142.766305735
142.766305735
142.766305735
142.766305735
142.766305735
142.766305735
142.766305735
142.49826806
142.49826806
142.49826806
142.49826806
142.49826806
142.49826806
142.49826806
142.766305735
142.766305735
142.766305735
142.766305735
142.766305735
142.766305735
142.766305735
142.766305735
143.708667819
143.708667819
143.708667819
143.708667819
143.708667819
143.708667819
143.438860899
142.025635687
142.025635687
142.025635687
142.025635687
142.025635687
142.025635687
142.49826806
142.49826806
142.49826806
142.49826806
142.49826806
142.49826806
142.49826806
142.49826806
142.969338
142.969338
142.969338
142.969338
142.969338
142.969338
143.438860899
143.438860899
143.708667819
143.708667819
143.708667819
143.708667819
143.708667819
143.977969146
144.447719069
144.447719069
144.447719069
144.447719069
144.447719069
144.447719069
144.447719069
144.447719069
144.447719069
144.447719069
144.447719069
144.447719069
144.447719069
144.177539106
144.177539106
144.177539106
144.177539106
144.177539106
144.177539106
144.177539106
143.238261752
143.238261752
142.969338
142.969338
142.969338
142.969338
142.969338
143.438860899
143.438860899
143.438860899
143.438860899
143.438860899
143.438860899
143.906851901
143.906851901
143.906851901
143.906851901
143.906851901
143.906851901
143.906851901
143.906851901
144.373325902
144.373325902
144.373325902
144.373325902
144.373325902
144.373325902
144.64489054
145.110736804
145.110736804
145.110736804
145.110736804
145.110736804
145.110736804
145.382665523
145.847891242
145.847891242
145.847891242
145.847891242
145.847891242
145.847891242
145.301781296
144.373325902
144.373325902
144.373325902
144.373325902
144.373325902
144.373325902
144.83829756
144.83829756
144.83829756
144.83829756
144.83829756
144.83829756
144.83829756
145.110736804
145.575092348
145.575092348
145.575092348
145.575092348
145.575092348
145.575092348
145.575092348
146.037971394
146.037971394
146.037971394
146.037971394
146.037971394
146.037971394
146.037971394
146.037971394
146.037971394
146.037971394
146.037971394
146.037971394
146.037971394
146.499387935
146.773918902
146.773918902
146.773918902
146.773918902
146.773918902
146.773918902
146.499387935
146.037971394
146.037971394
146.037971394
146.037971394
146.037971394
146.037971394
146.037971394
146.037971394
145.763791306
145.763791306
145.763791306
145.763791306
145.763791306
146.037971394
146.499387935
146.499387935
146.499387935
146.499387935
146.499387935
146.499387935
146.959355748
146.959355748
146.959355748
146.959355748
146.959355748
146.959355748
146.959355748
146.959355748
146.959355748
146.959355748
146.959355748
146.959355748
146.959355748
146.959355748
146.6834458
146.224341557
146.224341557
146.224341557
146.224341557
146.224341557
146.224341557
145.948776855
145.948776855
145.948776855
145.948776855
145.948776855
145.948776855
145.948776855
146.224341557
147.14111757
147.14111757
147.14111757
147.14111757
147.14111757
147.14111757
147.14111757
147.14111757
147.14111757
147.14111757
147.14111757
147.14111757
147.14111757
147.597370192
147.597370192
147.597370192
147.597370192
147.597370192
147.597370192
147.597370192
147.597370192
147.597370192
147.597370192
147.597370192
147.597370192
147.597370192
148.505670274
148.505670274
148.785007806
148.785007806
148.785007806
148.785007806
148.785007806
148.505670274
147.597370192
147.597370192
147.597370192
147.597370192
147.597370192
147.597370192
148.052216787
148.052216787
148.052216787
148.052216787
148.052216787
148.052216787
148.052216787
148.330701378
149.237931252
149.237931252
149.237931252
149.237931252
149.237931252
149.237931252
149.237931252
149.237931252
149.237931252
149.237931252
149.237931252
149.237931252
149.237931252
149.237931252
148.330701378
148.330701378
148.330701378
148.330701378
148.330701378
148.330701378
148.052216787
148.505670274
148.505670274
148.505670274
148.505670274
148.505670274
148.505670274
149.408448621
149.408448621
149.408448621
149.408448621
149.408448621
149.408448621
149.408448621
148.957743375
148.957743375
148.957743375
148.957743375
148.957743375
148.957743375
148.957743375
148.957743375
148.957743375
148.957743375
148.957743375
148.957743375
148.957743375
148.957743375
148.957743375
148.957743375
148.957743375
148.957743375
148.957743375
148.957743375
148.957743375
148.957743375
148.957743375
148.957743375
148.957743375
148.957743375
148.957743375
148.957743375
149.408448621
149.408448621
149.408448621
149.408448621
149.408448621
149.408448621
149.126883363
149.126883363
149.126883363
149.126883363
149.126883363
149.126883363
149.126883363
149.126883363
149.126883363
149.126883363
149.126883363
149.126883363
149.126883363
149.126883363
149.126883363
149.57538628
149.57538628
149.57538628
149.57538628
149.57538628
149.57538628
149.57538628
149.57538628
149.57538628
149.57538628
149.57538628
149.57538628
149.57538628
149.57538628
150.022548373
150.022548373
150.022548373
150.022548373
150.022548373
150.022548373
150.022548373
150.022548373
150.022548373
150.022548373
150.022548373
150.022548373
150.305804729
151.197835141
151.197835141
151.197835141
151.197835141
151.197835141
151.197835141
151.197835141
151.197835141
151.197835141
151.197835141
151.197835141
151.197835141
151.197835141
151.197835141
151.197835141
151.197835141
151.197835141
151.197835141
151.197835141
151.197835141
151.197835141
151.197835141
151.197835141
151.197835141
151.197835141
151.197835141
151.197835141
151.197835141
151.197835141
151.197835141
151.197835141
151.197835141
151.197835141
151.197835141
151.197835141
151.641882602
151.641882602
151.641882602
151.641882602
151.641882602
151.641882602
151.641882602
151.641882602
151.641882602
151.641882602
151.641882602
151.641882602
151.641882602
151.641882602
151.641882602
151.641882602
151.641882602
151.641882602
151.641882602
151.641882602
152.084633567
152.084633567
152.084633567
152.084633567
152.084633567
152.084633567
152.084633567
152.084633567
152.084633567
152.084633567
152.084633567
152.084633567
152.084633567
152.370703089
152.370703089
152.370703089
152.370703089
152.370703089
152.370703089
152.370703089
152.370703089
152.812999239
152.812999239
152.812999239
152.812999239
152.812999239
152.812999239
152.812999239
153.254018913
153.254018913
153.254018913
153.254018913
153.254018913
153.254018913
153.254018913
153.693773099
153.693773099
153.693773099
153.693773099
153.693773099
153.693773099
153.693773099
153.254018913
153.254018913
153.254018913
153.254018913
153.254018913
153.254018913
153.693773099
153.693773099
153.693773099
153.693773099
153.693773099
153.693773099
153.693773099
153.981785908
153.981785908
153.981785908
153.981785908
153.981785908
153.981785908
153.981785908
153.981785908
153.981785908
153.693773099
153.693773099
