84.83
84.83
84.83
84.83
84.83
84.95
84.95
84.95
84.95
84.95
84.95
84.9
84.9
84.9
84.9
84.9
84.9
84.9
84.92
84.92
84.92
84.92
84.92
84.92
84.92
84.92
84.98
84.98
84.98
84.98
84.98
84.98
84.77
84.77
84.77
84.77
84.77
84.77
84.77
84.77
84.45
84.45
84.45
84.45
84.45
84.45
83.9
83.9
83.9
83.9
83.9
83.9
83.9
83.9
83.24
83.24
83.24
83.24
83.24
83.24
83.24
82.41
82.41
82.41
82.41
82.41
82.41
81.59
81.59
81.59
81.59
81.59
81.59
81.59
81.59
80.6
80.6
80.6
80.6
80.6
80.6
79.63
79.63
79.63
79.63
79.63
79.63
79.63
78.57
78.57
78.57
78.57
78.57
78.57
78.57
78.57
77.41
77.41
77.41
77.41
77.41
77.41
77.41
76.21
76.21
76.21
76.21
76.21
76.21
75.06
75.06
75.06
75.06
75.06
75.06
75.06
75.06
73.84
73.84
73.84
73.84
73.84
73.84
72.71
72.71
72.71
72.71
72.71
72.71
72.71
72.71
71.46
71.46
71.46
71.46
71.46
71.46
70.27
70.27
70.27
70.27
70.27
70.27
70.27
70.27
69.1
69.1
69.1
69.1
69.1
69.1
67.95
67.95
67.95
67.95
67.95
67.95
67.95
67.95
66.78
66.78
66.78
66.78
66.78
66.78
66.78
65.62
65.62
65.62
65.62
65.62
64.44
64.44
64.44
64.44
64.44
64.44
64.44
64.44
63.32
63.32
63.32
63.32
63.32
63.32
63.32
62.27
62.27
62.27
62.27
62.27
62.27
62.27
61.23
61.23
61.23
61.23
61.23
61.23
60.2
60.2
60.2
60.2
60.2
60.2
60.2
60.2
59.15
59.15
59.15
59.15
59.15
59.15
58.16
58.16
58.16
58.16
58.16
58.16
58.16
58.16
57.1
57.1
57.1
57.1
57.1
57.1
56.14
56.14
56.14
56.14
55.25
55.25
55.25
55.25
55.25
55.25
55.25
55.25
55.25
55.25
55.25
54.34
54.34
54.34
54.34
54.34
54.34
53.39
53.39
53.39
53.39
53.39
53.39
53.39
52.53
52.53
52.53
52.53
52.53
52.53
52.53
52.53
51.62
51.62
51.62
51.62
51.62
51.62
50.73
50.73
50.73
50.73
50.73
50.73
50.73
49.9
49.9
49.9
49.9
49.9
49.9
49.9
49.9
49.14
49.14
49.14
49.14
49.14
49.14
48.34
48.34
48.34
48.34
48.34
48.34
48.34
48.34
47.51
47.51
47.51
47.51
47.51
47.51
46.74
46.74
46.74
46.74
46.74
46.74
46.74
46.74
46.06
46.06
46.06
46.06
46.06
46.06
45.44
45.44
45.44
45.44
45.44
45.44
45.44
44.81
44.81
44.81
44.81
44.81
44.09
44.09
44.09
44.09
44.09
44.09
44.09
44.09
43.53
43.53
43.53
43.53
43.53
43.53
43.53
43.53
42.85
42.85
42.85
42.85
42.85
42.85
42.85
42.27
42.27
42.27
42.27
42.27
42.27
41.69
41.69
41.69
41.69
41.69
41.69
41.69
41.69
41.08
41.08
41.08
41.08
41.08
41.08
40.49
40.49
40.49
40.49
40.49
40.49
40.49
40.49
40.0
40.0
40.0
40.0
40.0
40.0
39.48
39.48
39.48
39.48
39.48
39.48
39.48
38.92
38.92
38.92
38.92
38.92
38.92
38.42
38.42
38.42
38.42
38.42
38.42
38.42
38.42
37.94
37.94
37.94
37.94
37.94
37.94
37.94
37.44
37.44
37.44
37.44
37.44
37.44
36.99
36.99
36.99
36.99
36.99
36.99
36.99
36.99
36.53
36.53
36.53
36.53
36.53
36.53
36.09
36.09
36.09
36.09
36.09
36.09
36.09
36.09
35.63
35.63
35.63
35.63
35.63
35.63
35.23
35.23
35.23
35.23
35.23
35.23
35.23
35.23
34.82
34.82
34.82
34.82
34.82
34.82
34.43
34.43
34.43
34.43
34.43
34.43
34.08
34.08
34.08
34.08
34.08
34.08
34.08
34.08
33.7
33.7
33.7
33.7
33.7
33.7
33.24
33.24
33.24
33.24
33.24
33.24
33.24
33.24
32.91
32.91
32.91
32.91
32.91
32.91
32.59
32.59
32.59
32.59
32.59
32.59
32.59
32.59
32.24
32.24
32.24
32.24
32.24
32.24
31.89
31.89
31.89
31.89
31.89
31.89
31.89
31.89
31.57
31.57
31.57
31.57
31.57
31.57
31.32
31.32
31.32
31.32
31.32
31.32
31.32
31.0
31.0
31.0
31.0
31.0
31.0
31.0
30.75
30.75
30.75
30.75
30.75
30.75
30.46
30.46
30.46
30.46
30.46
30.46
30.46
30.46
30.17
30.17
30.17
30.17
30.17
30.17
29.86
29.86
29.86
29.86
29.86
29.86
29.86
29.86
29.62
29.62
29.62
29.62
29.62
29.62
29.37
29.37
29.37
29.37
29.37
29.37
29.37
29.37
29.12
29.12
29.12
29.12
29.12
29.12
29.12
28.82
28.82
28.82
28.82
28.82
