19.59
19.59
19.59
19.59
19.59
19.59
19.59
19.59
19.58
19.58
19.58
19.58
19.58
19.58
19.58
19.58
19.58
19.59
19.59
19.59
19.59
19.59
19.58
19.58
19.58
19.58
19.58
19.58
19.58
19.58
19.58
19.58
19.58
19.58
19.58
19.58
19.57
19.57
19.57
19.57
19.57
19.57
19.57
19.57
19.57
19.55
19.55
19.55
19.55
19.55
19.55
19.55
19.55
19.55
19.55
19.55
19.55
19.55
19.55
19.53
19.53
19.53
19.53
19.53
19.53
19.53
19.5
19.5
19.5
19.5
19.5
19.5
19.5
19.5
19.5
19.5
19.5
19.5
19.5
19.5
19.51
19.51
19.51
19.51
19.51
19.51
19.51
19.51
19.51
19.51
19.51
19.51
19.51
19.52
19.52
19.52
19.52
19.52
19.52
19.52
19.52
19.52
19.52
19.52
19.52
19.52
19.52
19.52
19.55
19.55
19.55
19.55
19.55
19.55
19.55
19.55
19.55
19.55
19.55
19.55
19.55
19.55
19.55
19.55
19.55
19.55
19.55
19.56
19.56
19.56
19.56
19.56
19.56
19.56
19.56
19.56
19.56
19.56
19.56
19.56
19.56
19.55
19.55
19.55
19.55
19.55
19.55
19.55
19.55
19.55
19.54
19.54
19.54
19.54
19.54
19.54
19.54
19.54
19.54
19.54
19.54
19.54
19.54
19.54
19.53
19.53
19.53
19.53
19.53
19.52
19.52
19.52
19.52
19.52
19.52
19.52
19.52
19.52
19.51
19.51
19.51
19.51
19.51
19.51
19.51
19.51
19.51
19.51
19.51
19.5
19.5
19.5
19.5
19.5
19.5
19.5
19.5
19.5
19.5
19.5
19.5
19.5
19.5
19.5
19.5
19.5
19.5
19.5
19.5
19.5
19.5
19.5
19.51
19.51
19.51
19.51
19.51
19.51
19.51
19.51
19.51
19.51
19.51
19.51
19.51
19.51
19.52
19.52
19.52
19.52
19.52
19.52
19.52
19.52
19.52
19.52
19.52
19.52
19.53
19.53
19.53
19.53
19.53
19.53
19.53
19.53
19.53
19.53
19.53
19.53
19.53
19.53
19.53
19.53
19.54
19.54
19.54
19.54
19.54
19.56
19.56
19.56
19.56
19.56
19.56
19.56
19.59
19.59
19.59
19.59
19.59
19.59
19.59
19.59
19.59
19.62
19.62
19.62
19.62
19.62
19.64
19.64
19.64
19.64
19.64
19.64
19.64
19.64
19.64
19.66
19.66
19.66
19.66
19.66
19.67
19.67
19.67
19.67
19.67
19.67
19.67
19.67
19.67
19.65
19.65
19.65
19.65
19.65
19.64
19.64
19.64
19.64
19.64
19.64
19.64
19.64
19.64
19.61
19.61
19.61
19.61
19.61
19.61
19.6
19.6
19.6
19.6
19.6
19.6
19.6
19.6
19.6
19.6
19.6
19.6
19.6
19.6
19.6
19.6
19.6
19.6
19.6
19.6
19.6
19.6
19.6
19.6
19.6
19.6
19.6
19.6
19.6
19.6
19.6
19.6
19.6
19.6
19.6
19.58
19.58
19.58
19.58
19.58
19.57
19.57
19.57
19.57
19.57
19.57
19.57
19.57
19.57
19.56
19.56
19.56
19.56
19.56
19.55
19.55
19.55
19.55
19.55
19.55
19.55
19.55
19.55
19.55
19.55
19.55
19.55
19.55
19.55
19.55
19.55
19.55
19.55
19.55
19.56
19.56
19.56
19.56
19.56
19.56
19.56
19.56
19.56
19.58
19.58
19.58
19.58
19.58
19.59
19.59
19.59
19.59
19.59
19.59
19.59
19.59
19.59
19.58
19.58
19.58
19.58
19.58
19.58
19.58
19.58
19.58
19.58
19.58
19.58
19.58
19.58
19.56
19.56
19.56
19.56
19.56
19.55
19.55
19.55
19.55
19.55
19.55
19.55
19.55
19.55
19.55
19.55
19.55
19.55
19.55
19.55
19.54
19.54
19.54
19.54
19.54
19.54
19.53
19.53
19.53
19.53
19.53
19.53
19.53
19.53
19.52
19.52
19.52
19.52
19.52
19.49
19.49
19.49
19.49
19.49
19.49
19.49
19.49
19.49
19.49
19.49
19.49
19.49
19.49
19.48
19.48
19.48
19.48
19.48
19.48
19.48
19.48
19.48
19.47
19.47
19.47
19.47
19.47
19.47
19.47
19.47
19.47
19.47
19.47
19.47
19.47
19.47
19.47
19.47
19.47
19.47
19.47
19.47
19.46
19.46
19.46
19.46
19.46
19.46
19.46
19.46
19.46
19.46
19.46
19.46
19.46
19.46
19.46
19.45
19.45
19.45
19.45
19.45
19.45
19.45
19.45
19.45
19.45
19.45
19.45
19.45
19.45
19.45
19.45
19.45
19.45
19.45
19.45
19.45
19.45
19.45
19.45
19.45
19.45
19.45
19.44
19.44
19.44
19.44
19.44
19.45
19.45
19.45
19.45
19.45
19.45
19.45
19.45
19.45
19.47
19.47
19.47
19.47
19.47
19.47
19.47
19.47
19.47
19.47
19.47
19.47
19.48
19.48
19.48
19.48
19.48
19.5
19.5
19.5
19.5
