16.68
16.68
16.68
16.68
16.68
16.68
16.68
16.68
16.67
16.67
16.67
16.67
16.67
16.67
16.67
16.67
16.67
16.67
16.67
16.67
16.67
16.67
16.7
16.7
16.7
16.7
16.7
16.73
16.73
16.73
16.73
16.73
16.73
16.73
16.73
16.73
16.72
16.72
16.72
16.72
16.72
16.73
16.73
16.73
16.73
16.73
16.73
16.73
16.73
16.73
16.73
16.73
16.73
16.73
16.73
16.73
16.73
16.73
16.73
16.73
16.73
16.73
16.73
16.74
16.74
16.74
16.74
16.74
16.76
16.76
16.76
16.76
16.76
16.76
16.76
16.76
16.76
16.76
16.76
16.76
16.76
16.76
16.76
16.76
16.76
16.76
16.76
16.76
16.76
16.74
16.74
16.74
16.74
16.74
16.74
16.74
16.74
16.74
16.79
16.79
16.79
16.79
16.79
16.79
16.79
16.79
16.79
16.79
16.79
16.79
16.79
16.79
16.8
16.8
16.8
16.8
16.8
16.78
16.78
16.78
16.78
16.78
16.78
16.78
16.78
16.78
16.8
16.8
16.8
16.8
16.8
16.8
16.8
16.8
16.8
16.8
16.8
16.79
16.79
16.79
16.79
16.79
16.79
16.79
16.79
16.79
16.78
16.78
16.78
16.78
16.78
16.78
16.78
16.76
16.76
16.76
16.76
16.76
16.77
16.77
16.77
16.77
16.77
16.77
16.77
16.77
16.77
16.76
16.76
16.76
16.76
16.76
16.76
16.76
16.74
16.74
16.74
16.74
16.74
16.74
16.74
16.73
16.73
16.73
16.73
16.73
16.74
16.74
16.74
16.74
16.74
16.74
16.74
16.74
16.74
16.73
16.73
16.73
16.73
16.71
16.71
16.71
16.71
16.71
16.71
16.71
16.71
16.71
16.7
16.7
16.7
16.7
16.7
16.71
16.71
16.71
16.71
16.71
16.71
16.71
16.71
16.71
16.74
16.74
16.74
16.74
16.74
16.77
16.77
16.77
16.77
16.77
16.77
16.77
16.77
16.77
16.77
16.77
16.77
16.77
16.77
16.77
16.77
16.75
16.75
16.75
16.75
16.75
16.75
16.75
16.73
16.73
16.73
16.73
16.73
16.7
16.7
16.7
16.7
16.7
16.7
16.7
16.68
16.68
16.68
16.68
16.68
16.68
16.68
16.68
16.68
16.68
16.68
16.68
16.68
16.68
16.66
16.66
16.66
16.66
16.66
16.66
16.63
16.63
16.63
16.63
16.63
16.63
16.63
16.63
16.63
16.59
16.59
16.59
16.59
16.59
16.56
16.56
16.56
16.56
16.56
16.56
16.56
16.56
16.56
16.52
16.52
16.52
16.52
16.52
16.48
16.48
16.48
16.48
16.48
16.48
16.48
16.48
16.48
16.45
16.45
16.45
16.45
16.45
16.44
16.44
16.44
16.44
16.44
16.44
16.44
16.44
16.44
16.41
16.41
16.41
16.41
16.41
16.37
16.37
16.37
16.37
16.37
16.37
16.33
16.33
16.33
16.33
16.33
16.33
16.33
16.33
16.33
16.29
16.29
16.29
16.29
16.29
16.26
16.26
16.26
16.26
16.26
16.24
16.24
16.24
16.24
16.24
16.24
16.24
16.24
16.24
16.24
16.24
16.22
16.22
16.22
16.22
16.22
16.18
16.18
16.18
16.18
16.18
16.18
16.18
16.18
16.18
16.14
16.14
16.14
16.14
16.14
16.12
16.12
16.12
16.12
16.12
16.12
16.12
16.12
16.12
16.07
16.07
16.07
16.07
16.07
16.07
16.03
16.03
16.03
16.03
16.03
16.03
15.98
15.98
15.98
15.98
15.98
15.98
15.98
15.98
15.98
15.95
15.95
15.95
15.95
15.95
15.92
15.92
15.92
15.92
15.92
15.92
15.92
15.92
15.92
15.87
15.87
15.87
15.87
15.87
15.83
15.83
15.83
15.83
15.83
15.83
15.83
15.83
15.83
15.79
15.79
15.79
15.79
15.79
15.75
15.75
15.75
15.75
15.75
15.75
15.75
15.75
15.75
15.69
15.69
15.69
15.69
15.69
15.69
15.69
15.66
15.66
15.66
15.66
15.62
15.62
15.62
15.62
15.62
15.62
15.62
15.62
15.62
15.58
15.58
15.58
15.58
15.58
15.55
15.55
15.55
15.55
15.55
15.55
15.55
15.55
15.55
15.52
15.52
15.52
15.52
15.52
15.49
15.49
15.49
15.49
15.49
15.49
15.49
15.49
15.49
15.47
15.47
15.47
15.47
15.47
15.44
15.44
15.44
15.44
15.44
15.44
15.44
15.42
15.42
15.42
15.42
15.42
15.42
15.42
15.42
15.42
15.4
15.4
15.4
15.4
15.4
15.4
15.4
15.38
15.38
15.38
15.38
15.35
15.35
15.35
15.35
15.35
15.35
15.35
15.33
15.33
15.33
15.33
15.33
15.33
15.33
15.33
15.33
15.33
15.33
15.3
15.3
15.3
15.3
15.3
15.27
