85.16
85.16
85.16
84.91
84.91
84.91
84.91
84.91
84.91
84.51
84.51
84.51
84.51
84.51
84.51
84.51
84.51
83.81
83.81
83.81
83.81
83.81
83.81
83.81
82.98
82.98
82.98
82.98
82.98
82.98
82.98
82.14
82.14
82.14
82.14
82.14
82.14
81.22
81.22
81.22
81.22
81.22
81.22
81.22
81.22
80.23
80.23
80.23
80.23
80.23
80.23
79.13
79.13
79.13
79.13
79.13
79.13
79.13
77.93
77.93
77.93
77.93
77.93
77.93
76.79
76.79
76.79
76.79
76.79
76.79
76.79
76.79
75.76
75.76
75.76
75.76
75.76
75.76
74.56
74.56
74.56
74.56
74.56
74.56
74.56
74.56
73.37
73.37
73.37
73.37
73.37
73.37
73.37
72.28
72.28
72.28
72.28
72.28
72.28
71.19
71.19
71.19
71.19
71.19
71.19
71.19
71.19
69.98
69.98
69.98
69.98
69.98
69.98
68.76
68.76
68.76
68.76
68.76
68.76
68.76
68.76
67.6
67.6
67.6
67.6
67.6
67.6
66.39
66.39
66.39
66.39
66.39
66.39
65.24
65.24
65.24
65.24
65.24
65.24
65.24
65.24
64.05
64.05
64.05
64.05
64.05
64.05
62.89
62.89
62.89
62.89
62.89
62.89
62.89
61.91
61.91
61.91
61.91
61.91
61.91
61.91
61.91
60.77
60.77
60.77
60.77
60.77
60.77
59.79
59.79
59.79
59.79
59.79
59.79
59.79
59.79
58.76
58.76
58.76
58.76
58.76
58.76
58.76
57.75
57.75
57.75
57.75
57.75
57.75
56.81
56.81
56.81
56.81
56.81
56.81
56.81
55.86
55.86
55.86
55.86
55.86
55.86
55.86
54.96
54.96
54.96
54.96
54.96
54.96
54.06
54.06
54.06
54.06
54.06
54.06
54.06
54.06
53.2
53.2
53.2
53.2
53.2
53.2
52.29
52.29
52.29
52.29
52.29
52.29
52.29
52.29
51.43
51.43
51.43
51.43
51.43
51.43
51.43
50.61
50.61
50.61
50.61
50.61
50.61
49.82
49.82
49.82
49.82
49.82
49.82
49.82
49.07
49.07
49.07
49.07
49.07
49.07
48.35
48.35
48.35
48.35
48.35
48.35
48.35
48.35
47.61
47.61
47.61
47.61
47.61
47.61
46.9
46.9
46.9
46.9
46.9
46.9
46.9
46.9
46.18
46.18
46.18
46.18
46.18
46.18
45.53
45.53
45.53
45.53
45.53
45.53
45.53
44.81
44.81
44.81
44.81
44.81
44.81
44.81
44.81
44.21
44.21
44.21
44.21
44.21
44.21
43.68
43.68
43.68
43.68
43.68
43.68
43.68
43.68
43.12
43.12
43.12
43.12
43.12
43.12
42.49
42.49
42.49
42.49
42.49
42.49
42.49
42.49
41.77
41.77
41.77
41.77
41.77
41.77
41.08
41.08
41.08
41.08
41.08
41.08
41.08
40.52
40.52
40.52
40.52
40.52
40.52
40.52
40.07
40.07
40.07
40.07
40.07
40.07
39.57
39.57
39.57
39.57
39.57
39.57
39.57
39.57
38.97
38.97
38.97
38.97
38.97
38.97
38.97
38.41
38.41
38.41
38.41
38.41
38.41
38.03
38.03
38.03
38.03
38.03
38.03
38.03
38.03
37.61
37.61
37.61
37.61
37.61
37.61
37.14
37.14
37.14
37.14
37.14
37.14
37.14
37.14
36.68
36.68
36.68
36.68
36.68
36.68
36.22
36.22
36.22
36.22
36.22
36.22
36.22
36.22
35.75
35.75
35.75
35.75
35.75
35.75
35.75
35.24
35.24
35.24
35.24
35.24
35.24
34.88
34.88
34.88
34.88
34.88
34.88
34.88
34.88
34.44
34.44
34.44
34.44
34.44
34.44
34.0
34.0
34.0
34.0
34.0
34.0
34.0
34.0
33.6
33.6
33.6
33.6
33.6
33.6
33.29
33.29
33.29
33.29
33.29
33.29
33.29
33.29
32.99
32.99
32.99
32.99
32.99
32.99
32.57
32.57
32.57
32.57
32.57
32.57
32.57
32.22
32.22
32.22
32.22
32.22
32.22
32.22
31.92
31.92
31.92
31.92
31.92
31.92
31.69
31.69
31.69
31.69
31.69
31.69
31.69
31.69
31.28
31.28
31.28
31.28
31.28
31.28
30.95
30.95
30.95
30.95
30.95
30.95
30.95
30.95
30.57
30.57
30.57
30.57
30.57
30.57
30.3
30.3
30.3
30.3
30.3
30.3
30.3
30.3
30.04
30.04
30.04
30.04
30.04
30.04
30.04
29.87
29.87
29.87
29.87
29.87
29.87
29.87
29.58
29.58
29.58
29.58
29.58
29.58
29.36
29.36
29.36
29.36
29.36
29.36
29.36
29.09
29.09
29.09
29.09
29.09
29.09
28.82
28.82
28.82
28.82
28.82
28.58
28.58
28.58
28.58
28.58
28.58
28.58
28.58
28.58
