134.271248465
134.271248465
134.271248465
134.271248465
134.550030194
135.456101241
135.456101241
135.456101241
135.456101241
135.456101241
135.456101241
136.356151682
136.356151682
136.356151682
136.356151682
136.356151682
136.356151682
136.356151682
136.356151682
136.356151682
136.356151682
136.356151682
136.356151682
136.356151682
136.356151682
136.356151682
135.456101241
135.456101241
135.456101241
135.456101241
135.456101241
135.456101241
135.456101241
135.456101241
135.456101241
135.456101241
135.456101241
135.456101241
135.456101241
135.736180012
136.187882359
136.187882359
136.187882359
136.187882359
136.187882359
136.187882359
136.187882359
136.187882359
136.187882359
136.187882359
136.187882359
136.187882359
136.187882359
135.906871543
135.456101241
135.456101241
135.456101241
135.456101241
135.456101241
135.175442172
134.271248465
134.271248465
134.271248465
134.271248465
134.271248465
134.271248465
134.550030194
135.003825851
135.003825851
135.003825851
135.003825851
135.003825851
135.003825851
134.724103877
135.625278498
135.625278498
135.625278498
135.625278498
135.625278498
135.625278498
134.271248465
134.271248465
133.991886722
133.991886722
133.991886722
133.991886722
133.991886722
133.711941331
133.259446154
133.259446154
133.259446154
133.259446154
133.259446154
133.259446154
134.162910372
134.162910372
134.443799933
134.443799933
134.443799933
134.443799933
134.443799933
135.003825851
135.906871543
135.906871543
135.906871543
135.906871543
135.906871543
135.906871543
136.187882359
136.638091463
136.638091463
136.638091463
136.638091463
136.638091463
136.638091463
136.638091463
136.638091463
136.638091463
136.638091463
136.638091463
136.638091463
136.638091463
137.200232961
138.099916259
138.099916259
138.099916259
138.099916259
138.099916259
138.099916259
138.099916259
138.099916259
138.099916259
138.381962538
138.381962538
138.381962538
138.381962538
137.931938704
137.931938704
137.931938704
137.931938704
137.931938704
137.931938704
137.931938704
137.931938704
137.931938704
137.931938704
137.931938704
137.931938704
137.931938704
137.650809651
137.200232961
137.200232961
137.200232961
137.200232961
137.200232961
137.200232961
138.547567081
138.547567081
138.547567081
138.547567081
138.547567081
138.547567081
138.547567081
138.26402748
137.817292782
137.817292782
137.817292782
137.817292782
137.817292782
137.817292782
138.26402748
138.26402748
138.547567081
138.547567081
138.547567081
138.547567081
138.547567081
138.26402748
137.817292782
137.817292782
137.817292782
137.817292782
137.817292782
137.817292782
137.534088548
137.086822035
137.086822035
137.086822035
137.086822035
137.086822035
137.086822035
137.979905239
137.979905239
138.26402748
138.26402748
138.26402748
138.26402748
138.26402748
137.817292782
137.817292782
137.817292782
137.817292782
137.817292782
137.817292782
137.817292782
137.369105277
137.369105277
137.369105277
137.369105277
137.369105277
137.369105277
137.369105277
137.369105277
137.369105277
137.369105277
137.369105277
137.369105277
137.369105277
137.650809651
138.099916259
138.099916259
138.099916259
138.099916259
138.099916259
138.099916259
138.099916259
138.099916259
138.099916259
138.099916259
138.099916259
138.099916259
138.099916259
137.817292782
137.369105277
137.369105277
137.369105277
137.369105277
137.369105277
137.369105277
137.086822035
137.086822035
137.086822035
137.086822035
137.086822035
137.086822035
137.086822035
137.086822035
137.086822035
137.086822035
137.086822035
137.086822035
137.086822035
137.086822035
137.369105277
137.817292782
137.817292782
137.817292782
137.817292782
137.817292782
137.817292782
137.817292782
137.817292782
137.817292782
137.817292782
137.817292782
137.817292782
137.534088548
136.638091463
136.638091463
136.638091463
136.638091463
136.638091463
136.638091463
136.638091463
136.638091463
136.356151682
136.356151682
136.356151682
136.356151682
136.356151682
136.638091463
137.086822035
137.086822035
137.086822035
137.086822035
137.086822035
137.086822035
137.534088548
137.534088548
137.534088548
137.534088548
137.534088548
137.534088548
137.534088548
137.250299962
136.356151682
136.356151682
136.356151682
136.356151682
136.356151682
136.356151682
136.356151682
137.250299962
137.250299962
137.250299962
137.250299962
137.250299962
137.250299962
137.534088548
138.867244964
138.867244964
138.867244964
138.867244964
138.867244964
138.867244964
139.438557402
140.764468919
140.764468919
140.764468919
140.764468919
140.764468919
140.764468919
141.051957106
141.492057886
141.492057886
141.492057886
141.492057886
141.492057886
141.492057886
141.492057886
141.492057886
141.492057886
141.492057886
141.492057886
141.492057886
140.61047885
140.61047885
140.036715598
140.036715598
140.036715598
140.036715598
140.036715598
140.036715598
140.476392396
140.476392396
140.476392396
140.476392396
140.476392396
140.476392396
142.22150766
142.22150766
142.804222517
142.804222517
142.804222517
142.804222517
142.804222517
142.804222517
142.804222517
142.804222517
142.804222517
142.804222517
142.804222517
142.804222517
142.804222517
142.804222517
142.51316291
141.641514594
141.641514594
141.641514594
141.641514594
141.203672697
141.203672697
141.203672697
141.203672697
141.203672697
141.203672697
141.203672697
141.203672697
142.51316291
142.51316291
142.51316291
142.51316291
142.51316291
142.51316291
142.804222517
143.238939573
143.238939573
143.238939573
143.238939573
143.238939573
143.238939573
142.946993938
142.946993938
142.946993938
142.946993938
142.946993938
142.946993938
142.946993938
143.238939573
144.535245991
144.535245991
144.535245991
144.535245991
144.535245991
144.535245991
144.964772186
144.964772186
145.259634399
145.259634399
145.259634399
145.259634399
145.259634399
145.259634399
145.259634399
145.259634399
145.259634399
145.259634399
145.259634399
145.259634399
143.964574662
143.964574662
143.964574662
143.964574662
143.964574662
143.964574662
143.964574662
143.964574662
144.829234536
144.829234536
144.829234536
144.829234536
144.829234536
144.829234536
144.829234536
144.829234536
144.829234536
144.829234536
144.829234536
144.829234536
144.829234536
144.535245991
144.104439531
144.104439531
144.104439531
144.104439531
144.104439531
144.104439531
143.516419118
143.086084059
143.086084059
143.086084059
143.086084059
143.086084059
143.086084059
143.379512306
143.810729858
143.810729858
143.810729858
143.810729858
143.810729858
143.810729858
143.810729858
143.810729858
143.810729858
143.810729858
143.810729858
143.810729858
143.810729858
143.379512306
143.379512306
143.086084059
143.086084059
143.086084059
143.086084059
142.792052853
142.361306614
142.361306614
142.361306614
142.361306614
142.361306614
142.361306614
141.929253093
141.929253093
141.636395501
141.636395501
141.636395501
141.636395501
141.636395501
141.929253093
143.221503605
143.221503605
143.221503605
143.221503605
143.221503605
143.221503605
143.221503605
143.221503605
143.221503605
143.221503605
143.221503605
143.221503605
143.221503605
143.221503605
143.649670491
143.649670491
143.649670491
143.649670491
143.649670491
143.649670491
143.05624134
142.202166595
142.202166595
142.202166595
142.202166595
142.202166595
142.202166595
142.629843249
142.629843249
142.629843249
142.629843249
142.629843249
142.629843249
142.629843249
142.629843249
142.202166595
142.202166595
142.202166595
142.202166595
143.05624134
143.05624134
143.05624134
143.05624134
143.05624134
143.05624134
143.05624134
143.05624134
143.05624134
143.05624134
142.202166595
142.202166595
142.202166595
142.202166595
142.202166595
142.629843249
142.629843249
142.629843249
142.629843249
142.629843249
142.629843249
142.629843249
142.925979577
144.204031654
144.204031654
144.204031654
144.204031654
144.204031654
144.204031654
144.204031654
144.204031654
144.502198275
144.502198275
144.502198275
144.502198275
144.502198275
144.926581562
144.926581562
144.926581562
144.926581562
144.926581562
