157.194641885
157.194641885
157.194641885
157.194641885
157.194641885
157.497151414
157.915471278
157.915471278
157.915471278
157.915471278
157.915471278
157.915471278
158.332685932
158.332685932
158.636217308
158.636217308
158.636217308
158.636217308
158.636217308
158.636217308
158.636217308
158.636217308
158.636217308
158.636217308
158.636217308
158.636217308
158.636217308
158.636217308
158.939169033
158.939169033
158.939169033
158.939169033
158.939169033
158.939169033
158.939169033
158.939169033
158.939169033
158.939169033
158.939169033
158.939169033
158.939169033
158.939169033
158.939169033
158.939169033
158.939169033
158.939169033
158.939169033
158.939169033
158.939169033
158.939169033
158.939169033
158.939169033
158.939169033
158.939169033
158.939169033
158.520356265
158.520356265
158.520356265
158.520356265
158.520356265
158.520356265
158.520356265
158.520356265
158.520356265
158.520356265
158.520356265
158.520356265
158.520356265
158.218202833
157.79908103
157.79908103
157.79908103
157.79908103
157.79908103
157.497151414
157.07771751
157.07771751
157.07771751
157.07771751
157.07771751
157.07771751
157.07771751
157.07771751
157.07771751
157.07771751
157.07771751
157.07771751
157.07771751
157.497151414
157.497151414
157.497151414
157.497151414
157.497151414
157.497151414
157.497151414
157.79908103
157.79908103
157.79908103
157.79908103
157.79908103
157.79908103
157.79908103
157.497151414
157.07771751
157.07771751
157.07771751
157.07771751
157.07771751
157.07771751
156.657160617
156.657160617
156.657160617
156.657160617
156.657160617
156.657160617
156.657160617
156.95747993
157.79908103
157.79908103
157.79908103
157.79908103
157.79908103
157.79908103
157.79908103
157.79908103
158.100434054
158.100434054
158.100434054
158.100434054
158.100434054
158.100434054
158.520356265
158.520356265
158.520356265
158.520356265
158.520356265
158.520356265
158.520356265
158.520356265
158.520356265
158.520356265
158.520356265
158.520356265
158.520356265
158.520356265
158.520356265
158.520356265
158.520356265
158.520356265
158.520356265
158.520356265
158.100434054
158.100434054
158.100434054
158.100434054
158.100434054
158.100434054
158.100434054
158.100434054
158.100434054
158.100434054
158.100434054
158.100434054
158.100434054
158.100434054
158.100434054
158.100434054
158.100434054
158.100434054
158.100434054
158.100434054
157.679393535
157.679393535
157.679393535
157.679393535
157.679393535
157.679393535
157.679393535
157.679393535
157.679393535
157.679393535
157.679393535
157.679393535
157.679393535
157.679393535
157.679393535
157.679393535
157.679393535
157.679393535
157.679393535
157.679393535
157.679393535
157.679393535
157.679393535
157.679393535
157.679393535
157.679393535
157.679393535
157.679393535
157.679393535
158.100434054
158.100434054
158.100434054
158.100434054
158.100434054
158.100434054
158.100434054
157.679393535
157.679393535
157.679393535
157.679393535
157.679393535
157.679393535
157.257225727
157.257225727
157.257225727
157.257225727
157.257225727
157.257225727
157.257225727
157.257225727
157.257225727
157.257225727
157.257225727
157.257225727
157.257225727
156.833921525
156.534982583
156.534982583
156.534982583
156.534982583
156.534982583
156.534982583
156.534982583
156.111341799
156.111341799
156.111341799
156.111341799
156.111341799
156.111341799
156.111341799
156.111341799
156.111341799
156.111341799
156.111341799
156.111341799
156.111341799
155.81264147
155.388660707
155.388660707
155.388660707
155.388660707
155.388660707
155.388660707
155.388660707
155.686548245
156.111341799
156.111341799
156.111341799
156.111341799
156.111341799
155.686548245
155.686548245
155.686548245
155.686548245
155.686548245
155.686548245
155.686548245
155.686548245
155.686548245
155.686548245
155.686548245
155.686548245
155.686548245
155.686548245
155.686548245
155.686548245
155.686548245
155.686548245
155.686548245
155.686548245
155.686548245
155.260592458
155.260592458
154.963519936
154.963519936
154.963519936
154.963519936
154.963519936
154.665876829
154.240385302
154.240385302
154.240385302
154.240385302
154.240385302
154.240385302
153.813716753
153.813716753
153.813716753
153.813716753
153.813716753
153.813716753
153.813716753
153.813716753
154.240385302
154.240385302
154.240385302
154.240385302
154.240385302
154.240385302
154.240385302
154.240385302
154.240385302
154.240385302
154.240385302
154.240385302
154.240385302
154.240385302
154.665876829
154.665876829
154.665876829
154.665876829
154.665876829
154.665876829
154.665876829
154.240385302
154.240385302
154.240385302
154.240385302
154.240385302
154.240385302
154.240385302
153.813716753
153.813716753
153.813716753
153.813716753
153.813716753
153.813716753
153.813716753
153.813716753
153.813716753
153.813716753
153.813716753
153.813716753
153.813716753
153.813716753
153.813716753
153.813716753
153.813716753
153.813716753
153.813716753
153.813716753
153.813716753
153.813716753
153.813716753
153.813716753
153.813716753
153.813716753
154.10971994
154.10971994
154.10971994
154.10971994
154.10971994
154.10971994
154.10971994
154.10971994
154.10971994
154.10971994
154.10971994
154.10971994
154.10971994
154.10971994
154.10971994
154.537209582
154.537209582
154.537209582
154.537209582
154.537209582
154.537209582
154.537209582
154.537209582
154.537209582
154.537209582
154.537209582
154.537209582
154.537209582
154.537209582
154.10971994
154.10971994
154.10971994
154.10971994
154.10971994
154.10971994
154.10971994
154.10971994
154.10971994
154.10971994
154.10971994
154.10971994
154.10971994
153.813716753
153.385861357
153.385861357
153.385861357
153.385861357
153.385861357
153.385861357
153.385861357
152.956809156
152.956809156
152.956809156
152.956809156
152.956809156
152.956809156
152.52655005
152.52655005
152.232457973
152.232457973
152.232457973
152.232457973
151.937796663
151.937796663
151.937796663
151.937796663
151.937796663
151.937796663
151.937796663
151.937796663
151.937796663
151.937796663
151.937796663
151.937796663
151.937796663
151.937796663
151.937796663
151.50798591
151.50798591
151.50798591
151.50798591
151.50798591
151.50798591
151.50798591
151.937796663
151.937796663
151.937796663
151.937796663
151.937796663
151.937796663
151.937796663
151.50798591
151.50798591
151.50798591
151.50798591
151.50798591
151.50798591
151.50798591
151.50798591
151.50798591
151.50798591
151.50798591
151.50798591
151.50798591
151.50798591
151.50798591
151.50798591
151.50798591
151.50798591
151.50798591
151.50798591
152.095073797
153.813716753
153.813716753
153.813716753
153.813716753
153.813716753
153.813716753
153.385861357
153.681041168
153.681041168
153.681041168
153.681041168
153.681041168
153.681041168
154.269706445
155.129154357
155.129154357
155.129154357
155.129154357
155.129154357
155.557097664
155.557097664
155.853038793
155.853038793
155.853038793
155.853038793
155.853038793
155.853038793
155.42428134
155.42428134
155.42428134
155.42428134
155.42428134
155.42428134
155.42428134
155.42428134
155.42428134
155.42428134
155.42428134
155.42428134
155.42428134
155.42428134
154.99433783
154.99433783
154.99433783
154.99433783
154.99433783
154.99433783
154.99433783
154.99433783
154.99433783
154.99433783
154.99433783
154.99433783
154.99433783
154.99433783
155.42428134
155.42428134
155.42428134
155.42428134
155.42428134
155.42428134
155.718848996
155.718848996
155.718848996
155.718848996
155.718848996
155.718848996
155.718848996
155.288090635
154.99433783
154.99433783
154.99433783
154.99433783
154.99433783
154.99433783
154.99433783
154.99433783
154.99433783
154.99433783
154.99433783
154.99433783
154.99433783
155.288090635
155.718848996
155.718848996
155.718848996
155.718848996
155.718848996
155.718848996
155.718848996
155.718848996
155.718848996
155.718848996
155.718848996
155.718848996
155.288090635
155.288090635
155.288090635
155.288090635
155.288090635
155.288090635
155.288090635
155.288090635
155.288090635
155.288090635
155.288090635
155.288090635
155.288090635
155.288090635
154.99433783
154.563198363
154.563198363
154.563198363
154.563198363
154.563198363
154.563198363
154.856134053
155.288090635
155.288090635
155.288090635
155.288090635
155.288090635
155.288090635
155.718848996
155.718848996
155.718848996
155.718848996
155.718848996
155.718848996
155.718848996
155.42428134
154.563198363
154.563198363
154.563198363
154.563198363
154.563198363
154.563198363
154.99433783
154.99433783
154.99433783
154.99433783
154.99433783
154.99433783
154.99433783
155.42428134
155.42428134
155.718848996
155.718848996
155.718848996
155.718848996
155.718848996
156.012860491
156.012860491
156.012860491
156.012860491
156.012860491
156.012860491
156.012860491
156.012860491
156.012860491
156.012860491
156.012860491
156.012860491
156.012860491
156.306318965
156.73750963
156.73750963
156.73750963
156.73750963
156.73750963
156.73750963
156.443241614
156.012860491
156.012860491
156.012860491
156.012860491
156.012860491
156.012860491
156.012860491
155.581288819
155.581288819
155.581288819
155.581288819
155.581288819
155.581288819
155.581288819
155.581288819
155.581288819
155.581288819
155.581288819
155.581288819
155.581288819
155.148516663
155.148516663
155.148516663
155.148516663
155.148516663
155.148516663
155.148516663
155.148516663
155.581288819
155.581288819
155.581288819
155.581288819
155.581288819
155.581288819
155.581288819
155.581288819
155.581288819
155.581288819
155.581288819
155.581288819
155.581288819
155.581288819
155.581288819
155.581288819
155.581288819
155.581288819
155.581288819
155.581288819
154.714533948
154.714533948
154.422969193
154.422969193
154.422969193
154.422969193
154.130852906
154.130852906
154.130852906
154.130852906
154.130852906
154.130852906
154.130852906
154.130852906
153.697291279
153.697291279
153.697291279
153.697291279
153.697291279
153.697291279
153.697291279
154.130852906
154.130852906
154.130852906
154.130852906
154.130852906
154.130852906
154.422969193
154.856134053
154.856134053
154.856134053
154.856134053
154.856134053
154.856134053
154.856134053
154.856134053
154.856134053
154.856134053
154.856134053
154.856134053
154.856134053
155.148516663
155.581288819
155.581288819
155.581288819
155.581288819
