18.55
18.55
18.55
18.55
18.64
18.64
18.64
18.64
18.64
18.64
18.82
18.82
18.82
18.82
18.82
18.82
18.82
18.82
19.04
19.04
19.04
19.04
19.04
19.04
19.04
19.3
19.3
19.3
19.3
19.3
19.3
19.6
19.6
19.6
19.6
19.6
19.6
19.6
19.6
19.93
19.93
19.93
19.93
19.93
19.93
20.26
20.26
20.26
20.26
20.26
20.26
20.26
20.26
20.64
20.64
20.64
20.64
20.64
20.64
21.01
21.01
21.01
21.01
21.01
21.01
21.01
21.01
21.39
21.39
21.39
21.39
21.39
21.8
21.8
21.8
21.8
21.8
21.8
21.8
21.8
22.25
22.25
22.25
22.25
22.25
22.25
22.72
22.72
22.72
22.72
22.72
22.72
22.72
22.72
23.2
23.2
23.2
23.2
23.2
23.2
23.2
23.6
23.6
23.6
23.6
23.6
23.6
23.99
23.99
23.99
23.99
23.99
23.99
23.99
23.99
24.47
24.47
24.47
24.47
24.47
24.47
24.47
24.91
24.91
24.91
24.91
24.91
24.91
25.35
25.35
25.35
25.35
25.35
25.35
25.35
25.35
25.75
25.75
25.75
25.75
25.75
25.75
26.15
26.15
26.15
26.15
26.15
26.15
26.15
26.51
26.51
26.51
26.51
26.51
26.51
26.91
26.91
26.91
26.91
26.91
26.91
26.91
26.91
27.32
27.32
27.32
27.32
27.32
27.32
27.71
27.71
27.71
27.71
27.71
27.71
27.71
28.06
28.06
28.06
28.06
28.06
28.06
28.06
28.06
28.44
28.44
28.44
28.44
28.44
28.44
28.82
28.82
28.82
28.82
28.82
28.82
28.82
28.82
29.18
29.18
29.18
29.18
29.18
29.18
29.51
29.51
29.51
29.51
29.51
29.51
29.51
29.84
29.84
29.84
29.84
30.16
30.16
30.16
30.16
30.16
30.16
30.16
30.16
30.16
30.48
30.48
30.48
30.48
30.48
30.48
30.48
30.77
30.77
30.77
30.77
31.06
31.06
31.06
31.06
31.06
31.06
31.06
31.06
31.06
31.06
31.06
31.36
31.36
31.36
31.36
31.36
31.36
31.68
31.68
31.68
31.68
31.68
31.68
31.68
31.98
31.98
31.98
31.98
31.98
31.98
31.98
32.27
32.27
32.27
32.27
32.27
32.27
32.27
32.27
32.54
32.54
32.54
32.54
32.54
32.54
32.78
32.78
32.78
32.78
32.78
32.78
32.78
32.78
32.99
32.99
32.99
32.99
32.99
32.99
33.23
33.23
33.23
33.23
33.23
33.23
33.23
33.51
33.51
33.51
33.51
33.51
33.51
33.51
33.51
33.78
33.78
33.78
33.78
33.78
33.78
34.04
34.04
34.04
34.04
34.04
34.04
34.04
34.04
34.25
34.25
34.25
34.25
34.25
34.25
34.45
34.45
34.45
34.45
34.45
34.45
34.45
34.45
34.67
34.67
34.67
34.67
34.67
34.67
34.88
34.88
34.88
34.88
34.88
34.88
35.09
35.09
35.09
35.09
35.09
35.09
35.09
35.09
35.27
35.27
35.27
35.27
35.27
35.27
35.46
35.46
35.46
35.46
35.46
35.46
35.46
35.46
35.66
35.66
35.66
35.66
35.66
35.66
35.66
35.83
35.83
35.83
35.83
35.83
35.83
35.98
35.98
35.98
35.98
35.98
35.98
35.98
35.98
36.11
36.11
36.11
36.11
36.11
36.11
36.24
36.24
36.24
36.24
36.24
36.24
36.24
36.24
36.38
36.38
36.38
36.38
36.38
36.38
36.52
36.52
36.52
36.52
36.52
36.52
36.52
36.68
36.68
36.68
36.68
36.68
36.68
36.85
36.85
36.85
36.85
36.85
36.85
36.85
37.02
37.02
37.02
37.02
37.02
37.02
37.02
37.02
37.22
37.22
37.22
37.22
37.22
37.22
37.35
37.35
37.35
37.35
37.35
37.35
37.35
37.35
37.48
37.48
37.48
37.48
37.48
37.48
37.6
37.6
37.6
37.6
37.6
37.6
37.6
37.6
37.86
37.86
37.86
37.86
37.86
37.86
37.96
37.96
37.96
37.96
37.96
37.96
37.96
37.96
38.08
38.08
38.08
38.08
38.08
38.08
38.21
38.21
38.21
38.21
38.21
38.21
38.21
38.3
38.3
38.3
38.3
38.3
38.3
38.3
38.38
38.38
38.38
38.38
38.38
38.38
38.44
38.44
38.44
38.44
38.44
38.44
38.44
38.44
38.53
38.53
38.53
38.53
38.53
38.53
38.65
38.65
38.65
38.65
38.65
38.65
38.65
38.65
38.75
38.75
38.75
38.75
38.75
38.75
38.83
38.83
38.83
38.83
38.83
38.83
38.83
38.83
38.92
38.92
38.92
38.92
38.92
38.99
38.99
38.99
38.99
38.99
38.99
38.99
38.99
39.08
39.08
39.08
39.08
39.08
39.08
39.13
39.13
39.13
39.13
39.13
39.13
39.13
39.21
39.21
39.21
39.21
39.21
39.21
39.21
39.21
39.27
39.27
39.27
39.27
39.27
39.27
39.27
39.37
39.37
39.37
39.37
39.37
39.37
39.48
39.48
39.48
39.48
39.48
39.48
39.48
39.48
39.53
39.53
39.53
39.53
39.53
39.53
39.54
39.54
39.54
39.54
39.54
39.54
39.54
39.54
39.64
39.64
39.64
39.64
39.64
39.64
39.64
39.69
39.69
39.69
39.69
39.69
39.69
39.77
39.77
39.77
39.77
39.77
39.77
39.83
39.83
39.83
39.83
39.83
39.83
39.83
39.83
39.86
39.86
39.86
39.86
39.86
39.86
39.9
39.9
39.9
39.9
39.9
39.9
39.9
39.9
39.96
39.96
39.96
39.96
39.96
39.96
40.01
40.01
40.01
40.01
40.01
40.01
40.01
40.01
40.1
40.1
40.1
40.1
40.1
40.1
40.15
40.15
40.15
40.15
40.15
40.15
40.15
40.15
40.2
40.2
40.2
40.2
40.2
40.2
40.2
40.2
40.2
40.2
40.2
40.2
40.2
40.24
40.24
40.24
40.24
40.24
40.24
40.24
40.3
40.3
40.3
40.3
40.3
40.3
40.35
40.35
40.35
40.35
40.35
40.35
40.35
40.35
40.44
40.44
40.44
40.44
40.44
40.44
40.46
40.46
40.46
40.46
40.46
40.46
40.46
40.46
40.52
40.52
40.52
40.52
40.52
40.52
