19.42
19.44
19.44
19.44
19.44
19.44
19.44
19.44
19.44
19.43
19.43
19.43
19.43
19.43
19.43
19.4
19.4
19.4
19.4
19.4
19.4
19.38
19.38
19.38
19.38
19.38
19.38
19.38
19.38
19.38
19.38
19.38
19.38
19.38
19.38
19.37
19.37
19.37
19.37
19.37
19.37
19.37
19.37
19.37
19.37
19.37
19.37
19.37
19.37
19.36
19.36
19.36
19.36
19.36
19.36
19.36
19.36
19.36
19.34
19.34
19.34
19.34
19.34
19.33
19.33
19.33
19.33
19.33
19.33
19.33
19.31
19.31
19.31
19.31
19.31
19.31
19.31
19.31
19.3
19.3
19.3
19.3
19.3
19.3
19.3
19.29
19.29
19.29
19.29
19.29
19.3
19.3
19.3
19.3
19.3
19.3
19.3
19.3
19.3
19.29
19.29
19.29
19.29
19.29
19.29
19.29
19.28
19.28
19.28
19.28
19.28
19.28
19.28
19.27
19.27
19.27
19.27
19.27
19.25
19.25
19.25
19.25
19.25
19.25
19.25
19.25
19.25
19.24
19.24
19.24
19.24
19.24
19.23
19.23
19.23
19.23
19.23
19.23
19.23
19.23
19.23
19.22
19.22
19.22
19.22
19.21
19.21
19.21
19.21
19.21
19.21
19.21
19.21
19.21
19.21
19.21
19.21
19.21
19.21
19.21
19.21
19.21
19.21
19.21
19.21
19.21
19.22
19.22
19.22
19.22
19.22
19.22
19.22
19.22
19.22
19.23
19.23
19.23
19.23
19.23
19.24
19.24
19.24
19.24
19.24
19.24
19.24
19.24
19.24
19.26
19.26
19.26
19.26
19.26
19.28
19.28
19.28
19.28
19.28
19.28
19.28
19.28
19.28
19.29
19.29
19.29
19.29
19.29
19.29
19.29
19.29
19.29
19.29
19.29
19.29
19.29
19.29
19.29
19.3
19.3
19.3
19.3
19.3
19.31
19.31
19.31
19.31
19.31
19.31
19.3
19.3
19.3
19.3
19.3
19.3
19.3
19.3
19.3
19.3
19.3
19.3
19.3
19.3
19.3
19.3
19.3
19.3
19.3
19.3
19.3
19.3
19.29
19.29
19.29
19.29
19.29
19.29
19.29
19.3
19.3
19.3
19.3
19.3
19.3
19.3
19.31
19.31
19.31
19.31
19.31
19.31
19.31
19.31
19.31
19.31
19.31
19.31
19.31
19.31
19.31
19.31
19.31
19.31
19.31
19.31
19.28
19.28
19.28
19.28
19.28
19.28
19.25
19.25
19.25
19.25
19.25
19.25
19.25
19.25
19.25
19.22
19.22
19.22
19.22
19.22
19.18
19.18
19.18
19.18
19.18
19.18
19.18
19.18
19.18
19.16
19.16
19.16
19.16
19.16
19.14
19.14
19.14
19.14
19.14
19.14
19.14
19.14
19.14
19.09
19.09
19.09
19.09
19.09
19.04
19.04
19.04
19.04
19.04
19.04
19.04
19.04
19.04
19.0
19.0
19.0
19.0
19.0
19.0
18.98
18.98
18.98
18.98
18.98
18.98
18.98
18.98
18.98
18.98
18.98
18.98
18.98
18.98
18.98
18.98
18.98
18.98
18.98
18.98
18.98
18.98
18.98
18.98
18.98
18.98
19.0
19.0
19.0
19.0
19.0
19.0
19.0
19.0
19.0
18.99
18.99
18.99
18.99
18.99
18.97
18.97
18.97
18.97
18.97
18.97
18.97
18.97
18.97
18.97
18.97
18.97
18.97
18.97
18.95
18.95
18.95
18.95
18.95
18.95
18.95
18.95
18.95
18.95
18.95
18.95
18.95
18.95
18.95
18.94
18.94
18.94
18.94
18.94
18.93
18.93
18.93
18.93
18.93
18.93
18.93
18.93
18.93
18.92
18.92
18.92
18.92
18.92
18.93
18.93
18.93
18.93
18.93
18.93
18.93
18.93
18.93
18.94
18.94
18.94
18.94
18.94
18.98
18.98
18.98
18.98
18.98
18.98
18.98
18.98
18.98
19.0
19.0
19.0
19.0
19.0
19.01
19.01
19.01
19.01
19.01
19.01
19.01
19.01
19.01
19.04
19.04
19.04
19.04
19.04
19.07
19.07
19.07
19.07
19.07
19.07
19.07
19.11
19.11
19.11
19.11
19.11
19.11
19.11
19.11
19.13
19.13
19.13
19.13
19.13
19.15
19.15
19.15
19.15
19.15
19.15
19.15
19.15
19.15
19.15
19.15
19.15
19.15
19.15
19.15
19.15
19.15
19.15
19.15
19.15
19.15
19.15
19.15
19.14
19.14
19.14
19.14
19.14
19.13
19.13
19.13
19.13
19.13
19.13
19.13
19.13
19.13
19.12
19.12
19.12
19.12
19.12
19.12
19.12
19.12
19.12
19.12
19.12
19.12
19.12
19.12
19.12
19.12
19.12
19.12
19.12
19.12
19.12
19.11
19.11
19.11
19.11
19.11
19.11
19.1
19.1
19.1
19.1
19.1
19.1
19.09
19.09
19.09
19.09
19.09
19.09
19.08
19.08
19.08
19.08
19.08
19.08
19.08
19.08
19.08
19.07
19.07
19.07
19.07
19.07
19.07
19.07
19.08
19.08
19.08
19.08
19.08
19.08
19.1
19.1
19.1
19.1
19.1
19.1
19.13
19.13
19.13
19.13
19.13
19.13
19.13
19.13
19.13
19.13
19.16
19.16
19.16
19.16
19.16
19.16
19.2
19.2
19.2
19.2
19.2
19.23
19.23
19.23
19.23
19.23
19.23
19.23
19.23
19.25
19.25
19.25
19.25
19.25
19.25
19.25
19.25
19.25
19.25
19.25
19.25
19.25
19.25
19.26
19.26
19.26
19.26
19.26
19.27
19.27
19.27
19.27
19.27
19.27
19.27
19.27
19.27
19.26
19.26
19.26
19.26
19.26
19.24
19.24
19.24
19.24
19.24
19.24
19.24
19.22
19.22
19.22
19.22
19.22
19.22
19.22
19.22
19.22
19.19
19.19
19.19
19.19
19.19
19.19
19.19
19.19
19.19
19.19
19.19
19.19
19.19
19.19
19.19
19.19
19.19
19.19
19.19
19.19
19.19
19.19
19.19
19.19
19.19
19.19
19.19
19.2
19.2
19.2
19.2
19.2
19.2
19.2
19.2
19.2
19.2
19.2
19.2
19.2
19.2
19.19
19.19
19.19
19.19
19.19
19.19
19.19
19.19
19.19
19.19
19.19
19.19
19.17
19.17
19.17
