25.93
25.93
25.93
25.93
25.93
25.93
25.89
25.89
25.89
25.89
25.89
25.89
25.92
25.92
25.92
25.92
25.92
25.92
25.92
25.92
25.9
25.9
25.9
25.9
25.9
25.9
25.99
25.99
25.99
25.99
25.99
25.99
26.14
26.14
26.14
26.14
26.14
26.14
26.14
26.14
26.35
26.35
26.35
26.35
26.35
26.35
26.63
26.63
26.63
26.63
26.63
26.63
26.63
26.63
26.97
26.97
26.97
26.97
26.97
26.97
27.25
27.25
27.25
27.25
27.25
27.25
27.25
27.25
27.55
27.55
27.55
27.55
27.55
27.55
27.87
27.87
27.87
27.87
27.87
27.87
27.87
27.87
28.26
28.26
28.26
28.26
28.26
28.26
28.26
28.63
28.63
28.63
28.63
28.63
28.63
29.01
29.01
29.01
29.01
29.01
29.01
29.01
29.33
29.33
29.33
29.33
29.33
29.33
29.63
29.63
29.63
29.63
29.63
29.63
29.63
29.63
30.13
30.13
30.13
30.13
30.13
30.13
30.47
30.47
30.47
30.47
30.47
30.47
30.47
30.47
30.79
30.79
30.79
30.79
30.79
30.79
31.11
31.11
31.11
31.11
31.11
31.11
31.11
31.11
31.11
31.11
31.42
31.42
31.42
31.42
31.42
31.78
31.78
31.78
31.78
31.78
31.78
32.11
32.11
32.11
32.11
32.11
32.11
32.11
32.53
32.53
32.53
32.53
32.53
32.53
32.53
32.87
32.87
32.87
32.87
32.87
32.87
33.17
33.17
33.17
33.17
33.17
33.17
33.17
33.17
33.53
33.53
33.53
33.53
33.53
33.53
33.88
33.88
33.88
33.88
33.88
33.88
33.88
33.88
34.28
34.28
34.28
34.28
34.28
34.28
34.63
34.63
34.63
34.63
34.63
34.63
34.63
34.63
34.81
34.81
34.81
34.81
34.81
34.81
34.81
35.02
35.02
35.02
35.02
35.02
35.02
35.29
35.29
35.29
35.29
35.29
35.29
35.29
35.29
35.48
35.48
35.48
35.48
35.48
35.48
35.48
35.8
35.8
35.8
35.8
35.8
35.8
36.12
36.12
36.12
36.12
36.12
36.12
36.12
36.12
36.4
36.4
36.4
36.4
36.4
36.4
36.62
36.62
36.62
36.62
36.62
36.62
36.62
36.62
36.82
36.82
36.82
36.82
36.82
36.82
37.01
37.01
37.01
37.01
37.01
37.01
37.01
37.01
37.22
37.22
37.22
37.22
37.22
37.22
37.22
37.43
37.43
37.43
37.43
37.43
37.43
37.66
37.66
37.66
37.66
37.66
37.66
37.66
37.66
37.66
37.84
37.84
37.84
37.84
37.84
38.1
38.1
38.1
38.1
38.1
38.1
38.32
38.32
38.32
38.32
38.32
38.32
38.32
38.51
38.51
38.51
38.51
38.51
38.51
38.51
38.51
38.68
38.68
38.68
38.68
38.68
38.68
38.88
38.88
38.88
38.88
38.88
38.88
38.88
38.88
38.96
38.96
38.96
38.96
38.96
38.96
38.96
39.08
39.08
39.08
39.08
39.08
39.08
39.34
39.34
39.34
39.34
39.34
39.34
39.34
39.34
39.43
39.43
39.43
39.43
39.43
39.43
39.58
39.58
39.58
39.58
39.58
39.58
39.58
39.58
39.75
39.75
39.75
39.75
39.75
39.75
39.89
39.89
39.89
39.89
39.89
39.89
39.89
40.01
40.01
40.01
40.01
40.01
40.01
40.01
40.01
40.1
40.1
40.1
40.1
40.1
40.1
40.27
40.27
40.27
40.27
40.27
40.27
40.27
40.27
40.42
40.42
40.42
40.42
40.42
40.42
40.51
40.51
40.51
40.51
40.51
40.51
40.53
40.53
40.53
40.53
40.53
40.53
40.53
40.53
40.53
40.62
40.62
40.62
40.62
40.62
40.62
40.76
40.76
40.76
40.76
40.76
40.76
40.91
40.91
40.91
40.91
40.91
40.91
40.91
40.91
40.91
41.12
41.12
41.12
41.12
41.12
41.12
41.22
41.22
41.22
41.22
41.22
41.22
41.22
41.27
41.27
41.27
41.27
41.27
41.27
41.27
41.27
41.3
41.3
41.3
41.3
41.3
41.3
41.38
41.38
41.38
41.38
41.38
41.38
41.38
41.46
41.46
41.46
41.46
41.46
41.46
41.46
41.46
41.59
41.59
41.59
41.59
41.59
41.59
41.59
41.73
41.73
41.73
41.73
41.73
41.73
41.81
41.81
41.81
41.81
41.81
