153.007358961
153.418117711
153.418117711
153.418117711
153.418117711
153.418117711
153.418117711
154.034088914
155.264740343
155.264740343
155.264740343
155.264740343
155.264740343
155.264740343
156.079783951
156.079783951
156.701449784
156.701449784
156.701449784
156.701449784
156.701449784
156.701449784
156.292840353
156.292840353
156.292840353
156.292840353
156.292840353
156.292840353
156.292840353
156.601942157
156.601942157
156.601942157
156.601942157
156.601942157
156.292840353
155.883159857
155.883159857
155.883159857
155.883159857
155.883159857
155.883159857
155.883159857
155.883159857
155.883159857
155.883159857
155.883159857
155.883159857
155.883159857
155.883159857
155.472399829
155.472399829
155.472399829
155.472399829
155.472399829
155.472399829
154.855609882
154.445395625
154.445395625
154.445395625
154.445395625
154.445395625
154.445395625
154.136896966
153.726411825
153.726411825
153.726411825
153.726411825
153.726411825
153.726411825
153.418117711
153.007358961
153.007358961
153.007358961
153.007358961
153.007358961
153.007358961
152.595494529
152.595494529
152.288236055
152.288236055
152.288236055
152.288236055
152.288236055
152.288236055
152.288236055
152.288236055
152.288236055
152.288236055
152.288236055
152.288236055
153.109202845
153.109202845
153.418117711
153.418117711
153.418117711
153.418117711
153.418117711
153.827779635
153.827779635
153.827779635
153.827779635
153.827779635
153.827779635
153.827779635
153.007358961
153.007358961
153.007358961
153.007358961
153.007358961
153.007358961
152.699271178
151.876088517
151.876088517
151.876088517
151.876088517
151.876088517
151.876088517
152.182515437
153.418117711
153.418117711
153.418117711
153.418117711
153.418117711
153.418117711
153.007358961
153.007358961
153.007358961
153.007358961
153.007358961
153.007358961
153.007358961
153.007358961
153.007358961
153.007358961
153.007358961
153.007358961
153.007358961
153.007358961
152.595494529
152.595494529
152.288236055
152.288236055
152.288236055
152.288236055
151.980356414
151.156608579
151.156608579
151.156608579
151.156608579
151.156608579
151.156608579
151.156608579
151.156608579
151.569042111
151.569042111
151.569042111
151.569042111
151.569042111
151.569042111
150.328346955
150.328346955
150.023195774
150.023195774
150.023195774
150.023195774
150.023195774
150.437053652
150.437053652
150.437053652
150.437053652
150.437053652
150.437053652
150.437053652
150.849776111
150.849776111
150.849776111
150.849776111
150.849776111
150.849776111
150.542318281
150.130437021
150.130437021
150.130437021
150.130437021
150.130437021
150.130437021
150.437053652
150.437053652
150.437053652
150.437053652
150.437053652
150.437053652
150.437053652
150.743046631
151.156608579
151.156608579
151.156608579
151.156608579
151.156608579
151.156608579
151.462819483
152.699271178
152.699271178
152.699271178
152.699271178
152.699271178
152.699271178
153.925791052
153.925791052
154.855609882
154.855609882
154.855609882
154.855609882
154.855609882
154.855609882
153.621680975
153.621680975
153.621680975
153.621680975
153.621680975
153.621680975
153.621680975
153.621680975
153.621680975
153.621680975
153.621680975
153.621680975
153.621680975
153.314827654
153.314827654
153.314827654
153.314827654
153.314827654
153.314827654
153.314827654
153.314827654
153.007358961
151.768412587
151.768412587
151.768412587
151.768412587
151.768412587
151.768412587
152.595494529
152.595494529
152.595494529
152.595494529
152.595494529
152.595494529
152.90213558
153.726411825
153.726411825
153.726411825
153.726411825
153.726411825
153.726411825
154.034088914
154.034088914
154.034088914
154.034088914
154.034088914
154.034088914
154.034088914
154.034088914
154.445395625
154.445395625
154.445395625
154.445395625
154.445395625
154.445395625
154.445395625
154.034088914
154.034088914
154.034088914
154.034088914
154.034088914
154.034088914
154.034088914
154.034088914
153.726411825
153.726411825
153.726411825
153.726411825
153.726411825
153.726411825
153.726411825
153.726411825
153.726411825
153.726411825
153.314827654
153.314827654
153.314827654
153.314827654
153.314827654
153.314827654
153.314827654
153.314827654
153.314827654
153.314827654
153.314827654
153.314827654
153.314827654
153.314827654
153.314827654
152.90213558
152.90213558
152.90213558
152.90213558
152.90213558
152.90213558
152.90213558
153.208162914
153.621680975
153.621680975
153.621680975
153.621680975
153.621680975
153.621680975
154.034088914
154.034088914
154.034088914
154.034088914
154.034088914
154.034088914
154.034088914
154.341152669
154.753279311
154.753279311
154.753279311
154.753279311
154.753279311
154.753279311
155.060551689
155.060551689
155.060551689
155.060551689
155.060551689
155.060551689
155.060551689
155.060551689
155.472399829
155.472399829
155.472399829
155.472399829
155.472399829
155.472399829
155.472399829
155.060551689
155.060551689
155.060551689
155.060551689
155.060551689
155.060551689
155.060551689
154.647606743
154.647606743
154.647606743
154.647606743
154.647606743
154.647606743
154.953454753
156.191451432
156.191451432
156.191451432
156.191451432
156.191451432
156.191451432
155.883159857
155.060551689
155.060551689
155.060551689
155.060551689
155.060551689
155.060551689
155.060551689
155.060551689
155.060551689
155.060551689
155.060551689
155.060551689
155.060551689
155.060551689
155.472399829
155.472399829
155.472399829
155.472399829
155.472399829
155.472399829
155.060551689
155.060551689
154.753279311
154.753279311
154.753279311
154.753279311
154.753279311
154.753279311
154.753279311
154.753279311
154.753279311
154.753279311
154.753279311
154.753279311
154.445395625
153.621680975
153.621680975
153.621680975
153.621680975
153.621680975
153.621680975
153.927922604
154.341152669
154.341152669
154.341152669
154.341152669
154.341152669
154.341152669
154.341152669
154.753279311
154.753279311
154.753279311
154.753279311
154.753279311
154.753279311
154.753279311
154.753279311
154.753279311
154.753279311
154.753279311
154.753279311
154.753279311
154.136896966
152.90213558
152.90213558
152.90213558
152.90213558
152.90213558
152.90213558
152.90213558
152.90213558
152.90213558
152.90213558
152.90213558
152.90213558
152.90213558
152.488326605
152.182515437
152.182515437
152.182515437
152.182515437
152.182515437
152.182515437
152.488326605
152.90213558
152.90213558
152.90213558
152.90213558
152.90213558
152.90213558
153.208162914
154.034088914
154.034088914
154.034088914
154.034088914
154.034088914
154.034088914
154.034088914
154.034088914
154.445395625
154.445395625
154.445395625
154.445395625
154.445395625
154.034088914
154.034088914
154.034088914
154.034088914
154.034088914
154.034088914
154.034088914
153.726411825
152.488326605
152.488326605
152.488326605
152.488326605
152.488326605
152.488326605
152.073391614
152.073391614
151.768412587
151.768412587
151.768412587
151.768412587
151.768412587
151.768412587
151.462819483
151.462819483
151.462819483
151.462819483
151.462819483
151.462819483
151.768412587
151.768412587
151.768412587
151.768412587
151.768412587
151.768412587
151.768412587
152.595494529
152.595494529
152.90213558
152.90213558
152.90213558
152.90213558
152.90213558
152.90213558
152.488326605
152.488326605
