15.25
15.25
15.26
15.26
15.26
15.26
15.26
15.26
15.26
15.26
15.26
15.26
15.26
15.26
15.26
15.26
15.26
15.25
15.25
15.25
15.25
15.25
15.25
15.24
15.24
15.24
15.24
15.24
15.24
15.24
15.24
15.24
15.24
15.24
15.24
15.24
15.24
15.24
15.24
15.24
15.24
15.24
15.24
15.24
15.24
15.24
15.24
15.24
15.24
15.24
15.23
15.23
15.23
15.23
15.23
15.23
15.23
15.23
15.23
15.23
15.23
15.23
15.23
15.23
15.24
15.24
15.24
15.24
15.24
15.24
15.24
15.24
15.24
15.23
15.23
15.23
15.23
15.23
15.23
15.23
15.24
15.24
15.24
15.24
15.24
15.25
15.25
15.25
15.25
15.25
15.25
15.25
15.25
15.25
15.26
15.26
15.26
15.26
15.27
15.27
15.27
15.27
15.27
15.27
15.27
15.27
15.27
15.27
15.27
15.27
15.27
15.27
15.27
15.27
15.27
15.27
15.27
15.27
15.27
15.27
15.27
15.28
15.28
15.28
15.28
15.28
15.28
15.28
15.28
15.28
15.28
15.28
15.28
15.28
15.28
15.27
15.27
15.27
15.27
15.27
15.27
15.27
15.28
15.28
15.28
15.28
15.28
15.28
15.29
15.29
15.29
15.29
15.29
15.29
15.28
15.28
15.28
15.28
15.28
15.28
15.28
15.28
15.28
15.28
15.28
15.28
15.28
15.28
15.28
15.28
15.28
15.28
15.28
15.28
15.28
15.28
15.28
15.28
15.28
15.28
15.28
15.28
15.28
15.28
15.28
15.28
15.28
15.28
15.28
15.28
15.28
15.28
15.28
15.28
15.28
15.26
15.26
15.26
15.26
15.26
15.26
15.26
15.26
15.26
15.26
15.26
15.26
15.26
15.26
15.26
15.25
15.25
15.25
15.25
15.25
15.25
15.25
15.25
15.25
15.25
15.25
15.25
15.25
15.25
15.25
15.24
15.24
15.24
15.24
15.24
15.23
15.23
15.23
15.23
15.23
15.23
15.23
15.23
15.23
15.23
15.23
15.23
15.23
15.23
15.23
15.23
15.21
15.21
15.21
15.21
15.21
15.2
15.2
15.2
15.2
15.2
15.2
15.2
15.2
15.2
15.18
15.18
15.18
15.18
15.18
15.18
15.18
15.18
15.18
15.18
15.18
15.18
15.18
15.18
15.17
15.17
15.17
15.17
15.17
15.17
15.15
15.15
15.15
15.15
15.15
15.15
15.15
15.15
15.15
15.15
15.15
15.15
15.15
15.15
15.15
15.15
15.15
15.15
15.15
15.15
15.15
15.15
15.15
15.15
15.15
15.15
15.15
15.13
15.13
15.13
15.13
15.13
15.13
15.12
15.12
15.12
15.12
15.12
15.12
15.12
15.12
15.12
15.11
15.11
15.11
15.11
15.11
15.11
15.11
15.11
15.11
15.11
15.11
15.11
15.11
15.11
15.1
15.1
15.1
15.1
15.1
15.08
15.08
15.08
15.08
15.08
15.08
15.08
15.08
15.08
15.07
15.07
15.07
15.07
15.07
15.07
15.07
15.07
15.07
15.07
15.07
15.07
15.07
15.07
15.07
15.07
15.07
15.07
15.07
15.07
15.07
15.06
15.06
15.06
15.06
15.06
15.08
15.08
15.08
15.08
15.08
15.08
15.08
15.08
15.08
15.08
15.08
15.08
15.08
15.08
15.08
15.08
15.09
15.09
15.09
15.09
15.09
15.11
15.11
15.11
15.11
15.11
15.11
15.11
15.11
15.11
15.11
15.11
15.11
15.11
15.11
15.11
15.11
15.11
15.11
15.11
15.11
15.11
15.11
15.11
15.1
15.1
15.1
15.1
15.1
15.1
15.1
15.1
15.1
15.1
15.1
15.1
15.11
15.11
15.11
15.11
15.11
15.11
15.11
15.11
15.11
15.11
15.11
15.11
15.11
15.11
15.11
15.11
15.11
15.11
15.11
15.11
15.11
15.11
15.11
15.11
15.11
15.11
15.11
15.11
15.11
15.11
15.12
15.12
15.12
15.12
15.12
15.12
15.12
15.12
15.12
15.12
15.12
15.12
15.12
15.12
15.12
15.12
15.12
15.12
15.12
15.1
15.1
15.1
15.1
15.1
15.1
15.1
15.1
15.1
15.1
15.1
15.1
15.1
15.1
15.1
15.1
15.1
15.1
15.1
15.1
15.1
15.09
15.09
15.09
15.09
15.09
15.09
15.09
15.09
15.09
15.09
15.09
15.09
15.09
15.09
15.09
