154.714533948
154.714533948
154.422969193
154.422969193
154.422969193
154.422969193
154.422969193
154.422969193
153.988585859
153.988585859
153.988585859
153.988585859
153.988585859
153.988585859
153.988585859
153.988585859
153.697291279
153.697291279
153.697291279
153.697291279
153.697291279
153.405443586
152.971481066
152.971481066
152.971481066
152.971481066
152.971481066
153.262503163
153.697291279
153.697291279
153.697291279
153.697291279
153.697291279
153.697291279
153.988585859
154.856134053
154.856134053
154.856134053
154.856134053
154.856134053
154.856134053
154.856134053
154.422969193
154.422969193
154.422969193
154.422969193
154.422969193
154.422969193
153.988585859
153.988585859
153.988585859
153.988585859
153.697291279
153.697291279
153.697291279
153.697291279
153.697291279
153.697291279
153.697291279
153.697291279
153.697291279
153.697291279
153.697291279
153.697291279
153.697291279
153.697291279
153.697291279
153.697291279
153.697291279
153.262503163
153.262503163
153.262503163
153.262503163
153.262503163
153.262503163
153.262503163
152.679904267
151.809926221
151.809926221
151.809926221
151.809926221
151.809926221
151.809926221
151.373062218
151.373062218
151.373062218
151.373062218
151.373062218
151.373062218
151.373062218
151.373062218
151.373062218
151.373062218
151.373062218
151.373062218
151.373062218
151.662143307
152.536283936
152.536283936
152.536283936
152.536283936
152.536283936
152.536283936
152.826478088
153.697291279
153.697291279
153.697291279
153.697291279
153.697291279
153.697291279
153.988585859
153.988585859
153.988585859
153.988585859
153.988585859
153.988585859
153.988585859
153.552973711
153.262503163
153.262503163
153.262503163
153.262503163
153.262503163
153.262503163
153.262503163
152.826478088
152.826478088
152.826478088
152.826478088
152.826478088
152.826478088
152.389205438
152.389205438
152.0998416
152.0998416
152.0998416
152.0998416
152.0998416
151.809926221
151.373062218
151.373062218
151.373062218
151.373062218
151.373062218
151.373062218
151.809926221
151.809926221
151.809926221
151.809926221
151.809926221
151.809926221
151.809926221
151.809926221
151.373062218
151.373062218
151.373062218
151.373062218
151.373062218
151.373062218
151.083428019
150.646137874
150.646137874
150.646137874
150.646137874
150.646137874
150.646137874
150.646137874
150.646137874
150.646137874
150.646137874
150.646137874
150.646137874
150.646137874
151.083428019
151.083428019
151.083428019
151.083428019
151.083428019
151.083428019
151.083428019
151.083428019
151.083428019
151.083428019
151.083428019
151.083428019
151.083428019
151.373062218
151.373062218
151.373062218
151.373062218
151.373062218
151.373062218
151.373062218
150.934933767
150.934933767
150.646137874
150.646137874
150.646137874
150.646137874
150.646137874
150.646137874
150.646137874
150.646137874
150.646137874
150.646137874
150.646137874
150.646137874
150.646137874
150.646137874
150.646137874
150.646137874
150.646137874
150.646137874
150.646137874
150.934933767
151.809926221
151.809926221
151.809926221
151.809926221
151.809926221
151.809926221
152.0998416
152.536283936
152.536283936
152.536283936
152.536283936
152.536283936
152.536283936
152.536283936
152.0998416
152.0998416
152.0998416
152.0998416
152.0998416
152.0998416
152.0998416
152.0998416
152.0998416
152.0998416
152.0998416
152.0998416
151.662143307
151.662143307
151.662143307
151.662143307
151.662143307
151.662143307
151.662143307
151.662143307
151.662143307
151.662143307
151.662143307
151.662143307
151.662143307
151.662143307
151.662143307
151.662143307
151.373062218
151.373062218
151.373062218
151.373062218
151.373062218
151.083428019
150.646137874
150.646137874
150.646137874
150.646137874
150.646137874
150.646137874
149.76772725
149.76772725
149.480063859
149.480063859
149.480063859
149.480063859
149.480063859
149.76772725
150.646137874
150.646137874
150.646137874
150.646137874
150.646137874
150.646137874
150.646137874
150.646137874
150.646137874
150.646137874
150.646137874
150.646137874
150.646137874
150.934933767
151.373062218
151.373062218
151.373062218
151.373062218
151.373062218
151.373062218
151.373062218
151.373062218
151.373062218
151.373062218
151.373062218
151.373062218
151.373062218
151.662143307
151.662143307
151.662143307
151.662143307
151.662143307
151.662143307
151.373062218
150.934933767
150.934933767
150.934933767
150.934933767
150.934933767
150.934933767
150.495529826
150.495529826
150.495529826
150.495529826
150.495529826
150.495529826
150.495529826
150.495529826
150.934933767
150.934933767
150.934933767
150.934933767
150.934933767
150.934933767
151.373062218
151.373062218
151.662143307
151.662143307
151.662143307
151.662143307
151.662143307
151.373062218
150.934933767
150.934933767
150.934933767
150.934933767
150.934933767
150.934933767
150.934933767
150.934933767
150.934933767
150.934933767
150.934933767
150.934933767
150.934933767
150.934933767
150.934933767
150.934933767
150.934933767
150.934933767
150.934933767
150.934933767
150.934933767
150.934933767
150.934933767
150.934933767
150.934933767
150.934933767
150.934933767
150.495529826
150.495529826
150.495529826
150.495529826
150.495529826
150.495529826
150.207574679
150.207574679
150.207574679
150.207574679
150.207574679
150.207574679
150.207574679
150.207574679
150.207574679
150.207574679
150.207574679
150.207574679
150.207574679
150.207574679
150.207574679
150.207574679
150.207574679
150.207574679
150.207574679
150.207574679
150.207574679
150.495529826
150.934933767
150.934933767
150.934933767
150.934933767
150.934933767
150.934933767
150.934933767
150.934933767
150.934933767
150.934933767
150.934933767
150.934933767
150.934933767
150.934933767
150.495529826
150.495529826
150.495529826
150.495529826
150.495529826
150.495529826
150.495529826
150.495529826
150.495529826
150.495529826
150.495529826
150.495529826
150.495529826
150.495529826
150.934933767
150.934933767
150.934933767
150.934933767
150.934933767
150.934933767
150.934933767
150.934933767
150.934933767
150.934933767
150.934933767
150.934933767
150.934933767
151.223178151
151.662143307
151.662143307
151.662143307
151.662143307
151.662143307
151.662143307
151.662143307
151.950674441
151.950674441
151.950674441
151.950674441
151.950674441
151.950674441
151.950674441
151.950674441
151.950674441
151.950674441
151.950674441
