40.51
40.51
40.51
40.51
40.51
40.51
40.57
40.57
40.57
40.57
40.57
40.57
40.57
41.07
41.07
41.07
41.07
41.07
41.07
41.61
41.61
41.61
41.61
41.61
41.61
41.61
42.18
42.18
42.18
42.18
42.18
42.18
42.67
42.67
42.67
42.67
42.67
42.67
42.67
42.67
42.92
42.92
42.92
42.92
42.92
42.92
43.13
43.13
43.13
43.13
43.13
43.13
43.13
43.33
43.33
43.33
43.33
43.33
43.33
43.33
43.33
43.51
43.51
43.51
43.51
43.51
43.51
43.64
43.64
43.64
43.64
43.64
43.64
43.64
43.64
43.72
43.72
43.72
43.72
43.72
43.72
43.72
43.82
43.82
43.82
43.82
43.82
43.82
43.92
43.92
43.92
43.92
43.92
43.92
43.92
44.04
44.04
44.04
44.04
44.04
44.04
44.09
44.09
44.09
44.09
44.09
44.09
44.09
44.09
44.12
44.12
44.12
44.12
44.12
44.12
44.14
44.14
44.14
44.14
44.14
44.14
44.14
44.14
44.11
44.11
44.11
44.11
44.11
44.11
44.11
44.11
44.11
44.11
44.11
44.11
44.11
44.11
44.13
44.13
44.13
44.13
44.13
44.13
44.13
44.18
44.18
44.18
44.18
44.18
44.18
44.21
44.21
44.21
44.21
44.21
44.21
44.21
44.21
44.2
44.2
44.2
44.2
44.2
44.2
44.22
44.22
44.22
44.22
44.22
44.22
44.22
44.28
44.28
44.28
44.28
44.28
44.28
44.32
44.32
44.32
44.32
44.32
44.32
44.32
44.32
44.28
44.28
44.28
44.28
44.28
44.28
44.25
44.25
44.25
44.25
44.25
44.25
44.25
44.25
44.25
44.25
44.25
44.25
44.25
44.25
44.25
44.31
44.31
44.31
44.31
44.31
44.31
44.4
44.4
44.4
44.4
44.4
44.4
44.4
44.4
44.43
44.43
44.43
44.43
44.43
44.43
44.44
44.44
44.44
44.44
44.44
44.44
44.44
44.39
44.39
44.39
44.39
44.39
44.39
44.36
44.36
44.36
44.36
44.36
44.36
44.36
44.36
44.37
44.37
44.37
44.37
44.37
44.37
44.4
44.4
44.4
44.4
44.4
44.4
44.4
44.4
44.36
44.36
44.36
44.36
44.36
44.36
44.36
44.34
44.34
44.34
44.34
44.34
44.34
44.39
44.39
44.39
44.39
44.39
44.39
44.39
44.39
44.44
44.44
44.44
44.44
44.44
44.44
44.44
44.44
44.44
44.44
44.44
44.44
44.44
44.44
44.44
44.44
44.44
44.44
44.44
44.44
44.44
44.44
44.44
44.44
44.44
44.44
44.44
44.41
44.41
44.41
44.41
44.41
44.41
44.37
44.37
44.37
44.37
44.37
44.37
44.37
44.37
44.42
44.42
44.42
44.42
44.42
44.42
44.42
44.46
44.46
44.46
44.46
44.46
44.46
44.42
44.42
44.42
44.42
44.42
44.42
44.42
44.42
44.41
44.41
44.41
44.41
44.41
44.41
44.4
44.4
44.4
44.4
44.4
44.4
44.4
44.4
44.43
44.43
44.43
44.43
44.43
44.43
44.41
44.41
44.41
44.41
44.41
44.41
44.41
44.38
44.38
44.38
44.38
44.38
44.38
44.4
44.4
44.4
44.4
44.4
44.4
44.4
44.44
44.44
44.44
44.44
44.44
44.44
44.44
44.44
44.53
44.53
44.53
44.53
44.53
44.53
44.56
44.56
44.56
44.56
44.56
44.56
44.56
44.56
44.54
44.54
44.54
44.54
44.54
44.54
44.53
44.53
44.53
44.53
44.53
44.53
44.53
44.53
44.53
44.53
44.53
44.53
44.53
44.53
44.53
44.53
44.53
44.53
44.53
44.53
44.53
44.53
44.56
44.56
44.56
44.56
44.56
44.56
44.58
44.58
44.58
44.58
44.58
44.58
44.56
44.56
44.56
44.56
44.56
44.56
44.56
44.56
