19.17
19.17
19.17
19.17
19.14
19.14
19.14
19.14
19.14
19.12
19.12
19.12
19.12
19.12
19.12
19.12
19.12
19.12
19.09
19.09
19.09
19.09
19.09
19.06
19.06
19.06
19.06
19.06
19.06
19.06
19.06
19.05
19.05
19.05
19.05
19.05
19.03
19.03
19.03
19.03
19.03
19.03
19.03
19.03
19.03
19.03
19.03
19.03
19.03
19.03
19.05
19.05
19.05
19.05
19.05
19.05
19.05
19.07
19.07
19.07
19.07
19.07
19.07
19.07
19.07
19.07
19.09
19.09
19.09
19.09
19.09
19.09
19.09
19.09
19.09
19.09
19.09
19.09
19.08
19.08
19.08
19.08
19.08
19.08
19.08
19.08
19.08
19.07
19.07
19.07
19.07
19.07
19.06
19.06
19.06
19.06
19.06
19.06
19.06
19.06
19.05
19.05
19.05
19.05
19.05
19.04
19.04
19.04
19.04
19.04
19.04
19.04
19.04
19.04
19.06
19.06
19.06
19.06
19.06
19.08
19.08
19.08
19.08
19.08
19.08
19.08
19.08
19.08
19.09
19.09
19.09
19.09
19.09
19.09
19.09
19.09
19.09
19.09
19.09
19.09
19.08
19.08
19.08
19.08
19.08
19.08
19.08
19.08
19.08
19.07
19.07
19.07
19.07
19.07
19.05
19.05
19.05
19.05
19.05
19.05
19.05
19.05
19.05
19.04
19.04
19.04
19.04
19.02
19.02
19.02
19.02
19.02
19.02
19.02
19.02
19.02
19.01
19.01
19.01
19.01
19.01
19.02
19.02
19.02
19.02
19.02
19.02
19.02
19.02
19.02
19.01
19.01
19.01
19.01
19.01
19.01
19.01
19.01
19.01
19.01
19.01
19.01
19.01
19.01
19.01
19.01
19.01
19.01
19.01
19.01
19.01
19.01
19.01
19.01
19.01
19.01
19.01
19.01
19.01
19.01
19.01
19.01
19.01
19.01
19.01
19.02
19.02
19.02
19.02
19.02
19.02
19.02
19.02
19.02
19.02
19.02
19.02
19.02
19.03
19.03
19.03
19.03
19.03
19.07
19.07
19.07
19.07
19.07
19.07
19.07
19.07
19.07
19.1
19.1
19.1
19.1
19.1
19.1
19.1
19.13
19.13
19.13
19.13
19.13
19.15
19.15
19.15
19.15
19.15
19.15
19.15
19.15
19.15
19.14
19.14
19.14
19.14
19.14
19.14
19.14
19.14
19.14
19.14
19.14
19.14
19.14
19.14
19.15
19.15
19.15
19.15
19.15
19.16
19.16
19.16
19.16
19.16
19.16
19.16
19.16
19.16
19.17
19.17
19.17
19.17
19.2
19.2
19.2
19.2
19.2
19.2
19.2
19.2
19.2
19.2
19.2
19.2
19.2
19.2
19.2
19.2
19.18
19.18
19.18
19.18
19.18
19.15
19.15
19.15
19.15
19.15
19.15
19.15
19.15
19.15
19.11
19.11
19.11
19.11
19.11
19.08
19.08
19.08
19.08
19.08
19.08
19.08
19.08
19.08
19.08
19.08
19.08
19.08
19.08
19.1
19.1
19.1
19.1
19.1
19.1
19.1
19.1
19.1
19.12
19.12
19.12
19.12
19.12
19.12
19.16
19.16
19.16
19.16
19.16
19.2
19.2
19.2
19.2
19.2
19.2
19.2
19.2
19.2
19.24
19.24
19.24
19.24
19.24
19.26
19.26
19.26
19.26
19.26
19.26
19.26
19.26
19.26
19.27
19.27
19.27
19.27
19.27
19.28
19.28
19.28
19.28
19.28
19.28
19.28
19.28
19.28
19.27
19.27
19.27
19.27
19.27
19.26
19.26
19.26
19.26
19.26
19.26
19.26
19.26
19.26
19.25
19.25
19.25
19.25
19.25
19.25
19.24
19.24
19.24
19.24
19.24
19.24
19.24
19.24
19.24
19.24
19.24
19.24
19.24
19.24
19.24
19.24
19.24
19.24
19.24
19.23
19.23
19.23
19.23
