15.09
15.09
15.09
15.09
15.09
15.09
15.09
15.09
15.09
15.11
15.11
15.11
15.11
15.11
15.11
15.11
15.11
15.11
15.11
15.11
15.11
15.11
15.11
15.1
15.1
15.1
15.1
15.1
15.11
15.11
15.11
15.11
15.11
15.11
15.11
15.11
15.11
15.11
15.11
15.11
15.11
15.11
15.11
15.11
15.11
15.11
15.11
15.11
15.11
15.11
15.11
15.11
15.11
15.11
15.11
15.11
15.11
15.11
15.11
15.11
15.11
15.11
15.11
15.11
15.11
15.11
15.11
15.11
15.11
15.13
15.13
15.13
15.13
15.13
15.13
15.13
15.13
15.13
15.15
15.15
15.15
15.15
15.15
15.15
15.15
15.15
15.15
15.15
15.15
15.15
15.15
15.15
15.14
15.14
15.14
15.14
15.14
15.16
15.16
15.16
15.16
15.16
15.16
15.16
15.15
15.15
15.15
15.15
15.15
15.15
15.15
15.15
15.15
15.17
15.17
15.17
15.17
15.17
15.18
15.18
15.18
15.18
15.18
15.18
15.18
15.18
15.18
15.18
15.18
15.18
15.18
15.18
15.19
15.19
15.19
15.19
15.19
15.19
15.19
15.19
15.2
15.2
15.2
15.2
15.2
15.2
15.2
15.2
15.22
15.22
15.22
15.22
15.22
15.24
15.24
15.24
15.24
15.24
15.24
15.24
15.24
15.24
15.24
15.24
15.24
15.24
15.24
15.25
15.25
15.25
15.25
15.25
15.25
15.25
15.25
15.25
15.25
15.25
15.25
15.25
15.25
15.25
15.25
15.27
15.27
15.27
15.27
15.27
15.28
15.28
15.28
15.28
15.28
15.28
15.28
15.28
15.28
15.29
15.29
15.29
15.29
15.29
15.31
15.31
15.31
15.31
15.31
15.31
15.31
15.31
15.32
15.32
15.32
15.32
15.32
15.31
15.31
15.31
15.31
15.31
15.31
15.31
15.31
15.31
15.32
15.32
15.32
15.32
15.32
15.32
15.32
15.32
15.32
15.32
15.32
15.32
15.32
15.32
15.32
15.32
15.32
15.32
15.32
15.32
15.32
15.33
15.33
15.33
15.33
15.33
15.33
15.34
15.34
15.34
15.34
15.34
15.34
15.34
15.34
15.34
15.34
15.34
15.34
15.34
15.34
15.34
15.35
15.35
15.35
15.35
15.35
15.36
15.36
15.36
15.36
15.36
15.36
15.36
15.36
15.36
15.4
15.4
15.4
15.4
15.4
15.43
15.43
15.43
15.43
15.43
15.43
15.43
15.43
15.43
15.43
15.43
15.43
15.43
15.43
15.42
15.42
15.42
15.42
15.42
15.42
15.42
15.42
15.42
15.41
15.41
15.41
15.41
15.41
15.41
15.41
15.41
15.41
15.41
15.41
15.41
15.41
15.41
15.41
15.41
