41.81
41.81
41.81
41.81
41.85
41.85
41.85
41.85
41.85
41.85
42.06
42.06
42.06
42.06
42.06
42.06
42.06
42.06
42.56
42.56
42.56
42.56
42.56
42.56
43.1
43.1
43.1
43.1
43.1
43.1
43.1
43.1
43.5
43.5
43.5
43.5
43.5
43.5
43.5
43.84
43.84
43.84
43.84
43.84
43.84
44.11
44.11
44.11
44.11
44.11
44.11
44.11
44.11
44.36
44.36
44.36
44.36
44.36
44.36
44.36
44.58
44.58
44.58
44.58
44.58
44.58
44.86
44.86
44.86
44.86
44.86
44.86
44.86
45.06
45.06
45.06
45.06
45.06
45.06
45.14
45.14
45.14
45.14
45.14
45.14
45.14
45.14
45.2
45.2
45.2
45.2
45.2
45.2
45.28
45.28
45.28
45.28
45.28
45.28
45.28
45.28
45.36
45.36
45.36
45.36
45.36
45.36
45.52
45.52
45.52
45.52
45.52
45.52
45.52
45.52
45.61
45.61
45.61
45.61
45.61
45.61
45.61
45.65
45.65
45.65
45.65
45.65
45.65
45.61
45.61
45.61
45.61
45.61
45.61
45.61
45.61
45.64
45.64
45.64
45.64
45.64
45.64
45.64
45.61
45.61
45.61
45.61
45.61
45.61
45.65
45.65
45.65
45.65
45.65
45.65
45.65
45.65
45.76
45.76
45.76
45.76
45.76
45.76
45.81
45.81
45.81
45.81
45.81
45.81
45.81
45.81
45.79
45.79
45.79
45.79
45.79
45.79
45.69
45.69
45.69
45.69
45.69
45.69
45.69
45.69
45.71
45.71
45.71
45.71
45.71
45.71
45.71
45.77
45.77
45.77
45.77
45.77
45.77
45.77
45.77
45.77
45.77
45.77
45.77
45.77
45.79
45.79
45.79
45.79
45.79
45.79
45.88
45.88
45.88
45.88
45.88
45.88
45.88
45.88
45.9
45.9
45.9
45.9
45.9
45.9
45.99
45.99
45.99
45.99
45.99
45.99
45.99
45.99
46.04
46.04
46.04
46.04
46.04
46.04
46.12
46.12
46.12
46.12
46.12
46.12
46.12
46.12
46.12
46.12
46.12
46.12
46.12
46.12
46.12
46.16
46.16
46.16
46.16
46.16
46.16
46.14
46.14
46.14
46.14
46.14
46.14
46.14
46.02
46.02
46.02
46.02
46.02
46.02
46.02
46.02
46.03
46.03
46.03
46.03
46.03
46.03
46.0
46.0
46.0
46.0
46.0
46.0
46.0
46.0
45.97
45.97
45.97
45.97
45.97
45.97
46.1
46.1
46.1
46.1
46.1
46.1
46.1
46.1
46.07
46.07
46.07
46.07
46.07
46.07
46.03
46.03
46.03
46.03
46.03
46.03
46.03
46.03
45.97
45.97
45.97
45.97
45.97
45.97
45.93
