152.488326605
152.488326605
152.488326605
152.488326605
152.488326605
152.793525718
152.793525718
152.793525718
152.793525718
152.793525718
152.793525718
152.793525718
152.793525718
152.793525718
152.793525718
152.793525718
152.793525718
152.793525718
152.793525718
152.488326605
152.073391614
152.073391614
152.073391614
152.073391614
152.073391614
152.073391614
152.488326605
152.488326605
152.488326605
152.488326605
152.488326605
152.488326605
152.488326605
152.488326605
152.073391614
152.073391614
152.073391614
152.073391614
151.240106484
151.240106484
151.240106484
150.936798587
150.936798587
150.936798587
150.936798587
150.936798587
150.936798587
150.519268608
150.519268608
150.216190716
150.216190716
150.216190716
150.216190716
150.216190716
149.608193054
148.774714742
148.774714742
148.774714742
148.774714742
148.774714742
148.774714742
148.774714742
148.774714742
149.077326479
149.077326479
149.077326479
149.077326479
149.379325203
150.216190716
150.216190716
150.216190716
150.216190716
150.216190716
150.216190716
150.519268608
151.353176754
151.353176754
151.353176754
151.353176754
151.353176754
151.353176754
151.048419748
150.216190716
150.216190716
150.216190716
150.216190716
150.216190716
150.216190716
149.912500109
149.495496519
149.495496519
149.495496519
149.495496519
149.495496519
149.495496519
149.495496519
149.495496519
149.495496519
149.495496519
149.495496519
149.495496519
149.495496519
149.495496519
149.495496519
149.495496519
149.495496519
149.495496519
149.495496519
149.495496519
150.328346955
150.328346955
150.632879979
150.632879979
150.632879979
150.632879979
150.632879979
151.240106484
151.657321364
151.657321364
151.657321364
151.657321364
151.657321364
151.657321364
151.657321364
151.657321364
151.353176754
151.353176754
151.353176754
151.353176754
151.353176754
151.353176754
150.519268608
150.519268608
150.519268608
150.519268608
150.519268608
150.519268608
150.519268608
149.912500109
149.495496519
149.495496519
149.495496519
149.495496519
149.495496519
149.495496519
149.077326479
149.077326479
149.077326479
149.077326479
149.077326479
149.077326479
149.077326479
149.077326479
149.077326479
149.077326479
149.077326479
149.077326479
149.077326479
149.379325203
150.216190716
150.216190716
150.216190716
150.216190716
150.216190716
150.216190716
150.519268608
150.936798587
150.936798587
150.936798587
150.936798587
150.936798587
150.936798587
150.632879979
150.216190716
150.216190716
150.216190716
150.216190716
150.216190716
150.216190716
148.537744844
148.537744844
147.936540665
147.936540665
147.936540665
147.936540665
147.936540665
147.63502051
147.63502051
147.63502051
147.63502051
147.63502051
147.63502051
147.63502051
147.215005376
147.215005376
146.913727737
146.913727737
146.913727737
146.913727737
146.913727737
146.611831009
146.192339931
146.192339931
146.192339931
146.192339931
146.192339931
145.890685863
145.049810353
145.049810353
145.049810353
145.049810353
145.049810353
145.049810353
145.049810353
145.890685863
145.890685863
145.890685863
145.890685863
145.890685863
145.890685863
145.588406795
144.749273542
144.749273542
144.749273542
144.749273542
144.749273542
144.749273542
145.049810353
145.890685863
145.890685863
145.890685863
145.890685863
145.890685863
145.890685863
146.192339931
146.611831009
146.611831009
146.611831009
146.611831009
146.611831009
146.611831009
147.447232819
147.447232819
148.053844105
148.053844105
148.053844105
148.053844105
148.356219638
148.774714742
148.774714742
148.774714742
148.774714742
148.774714742
148.774714742
148.774714742
149.680714626
150.936798587
150.936798587
150.936798587
150.936798587
150.936798587
150.936798587
150.519268608
150.519268608
150.519268608
150.519268608
150.519268608
150.519268608
150.519268608
150.519268608
150.100577202
150.100577202
150.100577202
150.100577202
150.100577202
150.100577202
150.40220471
151.240106484
151.240106484
151.240106484
151.240106484
151.240106484
151.240106484
151.240106484
150.821737477
150.821737477
150.821737477
150.821737477
150.821737477
150.821737477
150.519268608
149.680714626
149.680714626
149.680714626
149.680714626
149.680714626
149.680714626
150.581263624
153.098116437
153.098116437
153.098116437
153.098116437
153.098116437
153.098116437
153.098116437
152.263788065
152.263788065
152.263788065
152.263788065
152.263788065
152.263788065
153.098116437
153.098116437
153.402102384
153.402102384
153.402102384
153.402102384
153.402102384
153.402102384
153.402102384
153.402102384
153.402102384
153.402102384
153.402102384
