151.950674441
151.950674441
152.389205438
152.389205438
152.389205438
152.389205438
152.389205438
152.389205438
152.389205438
151.950674441
151.950674441
151.950674441
151.950674441
151.950674441
151.950674441
151.950674441
151.950674441
151.950674441
151.950674441
151.950674441
151.950674441
151.950674441
152.238658748
153.116122261
153.116122261
153.116122261
153.116122261
153.116122261
153.116122261
153.405219569
153.405219569
153.405219569
153.405219569
153.405219569
153.405219569
153.405219569
152.526099324
152.526099324
152.238658748
152.238658748
152.238658748
152.238658748
152.238658748
151.950674441
151.510874171
151.510874171
151.510874171
151.510874171
151.510874171
151.510874171
151.510874171
151.510874171
151.510874171
151.510874171
151.510874171
151.510874171
151.510874171
151.510874171
151.510874171
151.510874171
151.510874171
151.510874171
151.510874171
151.510874171
151.950674441
151.950674441
151.950674441
151.950674441
151.950674441
151.950674441
152.238658748
152.238658748
152.238658748
152.238658748
152.238658748
152.238658748
152.238658748
151.950674441
151.510874171
151.510874171
151.510874171
151.510874171
151.510874171
151.510874171
151.069793543
151.069793543
151.069793543
151.069793543
151.069793543
151.069793543
151.069793543
150.782935068
150.782935068
150.782935068
150.782935068
150.782935068
150.782935068
150.782935068
150.782935068
150.782935068
150.782935068
150.782935068
150.782935068
150.782935068
150.782935068
150.341402831
150.341402831
150.341402831
150.341402831
150.341402831
150.341402831
150.341402831
150.341402831
150.782935068
150.782935068
150.782935068
150.782935068
150.782935068
150.782935068
150.341402831
150.341402831
150.341402831
150.341402831
150.341402831
150.341402831
150.341402831
150.62742131
151.510874171
151.510874171
151.510874171
151.510874171
151.510874171
151.510874171
151.510874171
151.510874171
151.510874171
151.510874171
151.510874171
151.510874171
151.510874171
151.798024947
152.67802087
152.67802087
152.67802087
152.67802087
152.67802087
152.67802087
152.67802087
152.238658748
152.238658748
152.238658748
152.238658748
152.238658748
152.238658748
152.238658748
151.798024947
151.798024947
151.798024947
151.798024947
151.798024947
151.798024947
151.510874171
151.069793543
151.069793543
151.069793543
151.069793543
151.069793543
151.069793543
151.950674441
151.950674441
152.238658748
152.238658748
152.238658748
152.238658748
152.238658748
151.950674441
151.510874171
151.510874171
151.510874171
151.510874171
151.510874171
151.510874171
151.798024947
152.238658748
152.238658748
152.238658748
152.238658748
152.238658748
152.238658748
152.238658748
152.238658748
152.238658748
152.238658748
152.238658748
152.238658748
151.950674441
151.069793543
151.069793543
151.069793543
151.069793543
151.069793543
151.069793543
150.62742131
150.62742131
150.341402831
150.341402831
150.341402831
150.341402831
150.341402831
150.341402831
150.782935068
150.782935068
150.782935068
150.782935068
150.782935068
150.782935068
151.069793543
151.510874171
151.510874171
151.510874171
151.510874171
151.510874171
151.510874171
151.510874171
151.510874171
151.510874171
151.510874171
151.510874171
151.510874171
151.510874171
151.798024947
151.798024947
151.798024947
151.798024947
151.798024947
151.798024947
151.798024947
151.798024947
151.798024947
151.798024947
151.798024947
151.798024947
151.798024947
151.798024947
151.510874171
151.510874171
151.510874171
151.510874171
151.510874171
151.510874171
151.510874171
151.510874171
151.510874171
151.510874171
151.510874171
151.510874171
151.510874171
151.510874171
151.510874171
151.069793543
151.069793543
151.069793543
151.069793543
151.069793543
150.782935068
150.341402831
150.341402831
150.341402831
150.341402831
150.341402831
150.341402831
150.341402831
149.898570049
149.898570049
149.898570049
149.898570049
149.898570049
149.898570049
149.612850483
149.612850483
149.612850483
149.612850483
149.612850483
