44.91
44.91
44.91
44.91
44.91
44.91
45.38
45.38
45.38
45.38
45.38
45.38
45.38
45.38
45.87
45.87
45.87
45.87
45.87
45.87
46.29
46.29
46.29
46.29
46.29
46.29
46.29
46.29
46.54
46.54
46.54
46.54
46.54
46.54
46.67
46.67
46.67
46.67
46.67
46.67
46.67
46.67
46.75
46.75
46.75
46.75
46.75
46.75
46.75
46.89
46.89
46.89
46.89
46.89
46.89
47.0
47.0
47.0
47.0
47.0
47.0
47.0
47.06
47.06
47.06
47.06
47.06
47.06
47.13
47.13
47.13
47.13
47.13
47.13
47.13
47.13
47.07
47.07
47.07
47.07
47.07
47.07
47.04
47.04
47.04
47.04
47.04
47.04
47.04
47.04
47.02
47.02
47.02
47.02
47.02
47.02
47.04
47.04
47.04
47.04
47.04
47.05
47.05
47.05
47.05
47.05
47.05
47.05
47.05
47.05
47.05
47.07
47.07
47.07
47.07
47.07
47.07
47.06
47.06
47.06
47.06
47.06
47.06
47.06
47.06
47.06
47.06
47.06
47.06
47.06
47.06
47.06
47.03
47.03
47.03
47.03
47.03
47.03
47.03
47.03
47.03
47.03
47.03
47.03
47.03
47.03
46.98
46.98
46.98
46.98
46.98
46.98
46.9
46.9
46.9
46.9
46.9
46.9
46.9
46.9
46.79
46.79
46.79
46.79
46.79
46.79
46.81
46.81
46.81
46.81
46.81
46.81
46.77
46.77
46.77
46.77
46.77
46.77
46.77
46.77
46.77
46.76
46.76
46.76
46.76
46.76
46.76
46.71
46.71
46.71
46.71
46.71
46.71
46.71
46.61
46.61
46.61
46.61
46.61
46.61
46.61
46.52
46.52
46.52
46.52
46.52
46.52
46.53
46.53
46.53
46.53
46.53
46.53
46.53
46.53
46.56
46.56
46.56
46.56
46.56
46.56
46.55
46.55
46.55
46.55
46.55
46.55
46.55
46.55
46.51
46.51
46.51
46.51
46.51
46.51
46.47
46.47
46.47
46.47
46.47
46.47
46.47
46.47
46.42
46.42
46.42
46.42
46.42
46.42
46.4
46.4
46.4
46.4
46.4
46.4
46.4
46.38
46.38
46.38
46.38
46.38
46.38
46.38
46.33
46.33
46.33
46.33
46.33
46.33
46.27
46.27
46.27
46.27
46.27
46.27
46.27
46.27
46.27
46.27
46.27
46.27
46.27
46.27
