19.23
19.23
19.23
19.23
19.23
19.2
19.2
19.2
19.2
19.2
19.17
19.17
19.17
19.17
19.17
19.17
19.17
19.17
19.17
19.15
19.15
19.15
19.15
19.15
19.16
19.16
19.16
19.16
19.16
19.16
19.16
19.16
19.16
19.16
19.16
19.16
19.16
19.16
19.16
19.15
19.15
19.15
19.15
19.15
19.15
19.13
19.13
19.13
19.13
19.13
19.13
19.13
19.13
19.13
19.12
19.12
19.12
19.12
19.13
19.13
19.13
19.13
19.13
19.13
19.13
19.13
19.13
19.15
19.15
19.15
19.15
19.15
19.18
19.18
19.18
19.18
19.18
19.18
19.18
19.18
19.18
19.21
19.21
19.21
19.21
19.21
19.23
19.23
19.23
19.23
19.23
19.23
19.23
19.23
19.23
19.22
19.22
19.22
19.22
19.22
19.22
19.22
19.22
19.22
19.2
19.2
19.2
19.2
19.17
19.17
19.17
19.17
19.17
19.17
19.12
19.12
19.12
19.12
19.12
19.12
19.12
19.12
19.12
19.09
19.09
19.09
19.09
19.09
19.08
19.08
19.08
19.08
19.08
19.08
19.08
19.08
19.08
19.1
19.1
19.1
19.1
19.1
19.11
19.11
19.11
19.11
19.11
19.11
19.11
19.11
19.11
19.12
19.12
19.12
19.12
19.12
19.13
19.13
19.13
19.13
19.13
19.13
19.13
19.13
19.13
19.13
19.13
19.13
19.13
19.13
19.13
19.14
19.14
19.14
19.14
19.14
19.14
19.14
19.14
19.14
19.14
19.14
19.14
19.14
19.12
19.12
19.12
19.12
19.12
19.12
19.12
19.12
19.12
19.11
19.11
19.11
19.11
19.14
19.14
19.14
19.14
19.14
19.14
19.14
19.14
19.14
19.17
19.17
19.17
19.17
19.17
19.2
19.2
19.2
19.2
19.2
19.2
19.2
19.2
19.2
19.23
19.23
19.23
19.23
19.23
19.26
19.26
19.26
19.26
19.26
19.26
19.26
19.26
19.26
19.29
19.29
19.29
19.29
19.29
19.29
19.32
19.32
19.32
19.32
19.32
19.32
19.34
19.34
19.34
19.34
19.34
19.34
19.34
19.34
19.34
19.34
19.34
19.34
19.34
19.34
19.34
19.34
19.34
19.34
19.34
19.34
19.34
19.34
19.33
19.33
19.33
19.33
19.33
19.33
19.33
19.33
19.33
19.33
19.33
19.33
19.33
19.33
19.34
