152.984680923
152.984680923
152.984680923
153.287240149
153.287240149
153.287240149
153.287240149
153.287240149
153.287240149
153.287240149
153.287240149
153.287240149
153.589203371
154.426207952
154.426207952
154.426207952
154.426207952
154.426207952
153.168985885
153.168985885
153.168985885
153.168985885
153.168985885
153.168985885
153.469532066
155.146844526
155.146844526
155.146844526
155.146844526
155.146844526
155.146844526
155.146844526
154.729221038
154.729221038
154.729221038
154.729221038
154.729221038
154.729221038
154.310467304
154.008274282
154.008274282
154.008274282
154.008274282
154.008274282
154.008274282
153.705487148
152.867848829
152.867848829
152.867848829
152.867848829
152.867848829
152.867848829
152.025595319
152.025595319
151.424862738
151.424862738
151.424862738
151.424862738
151.424862738
151.424862738
151.424862738
151.424862738
151.424862738
151.424862738
151.424862738
151.424862738
150.821737477
150.40220471
150.40220471
150.40220471
150.40220471
150.40220471
150.40220471
149.981498418
149.981498418
149.981498418
149.981498418
149.981498418
149.981498418
149.981498418
150.40220471
150.40220471
150.40220471
150.40220471
150.40220471
150.40220471
150.40220471
150.40220471
150.40220471
150.40220471
150.40220471
150.40220471
150.40220471
150.40220471
150.40220471
150.40220471
150.40220471
150.40220471
150.40220471
150.40220471
150.40220471
150.100577202
149.680714626
149.680714626
149.680714626
149.680714626
149.680714626
149.379325203
148.537744844
148.537744844
148.537744844
148.537744844
148.537744844
148.537744844
148.237447534
147.815718521
147.815718521
147.815718521
147.815718521
147.815718521
147.815718521
147.815718521
147.815718521
147.815718521
147.815718521
147.815718521
147.815718521
147.815718521
147.215005376
146.37135943
146.37135943
146.37135943
146.37135943
146.37135943
146.37135943
145.52282266
145.225008098
145.225008098
145.225008098
145.225008098
145.225008098
145.820029
147.515667719
147.515667719
147.515667719
147.515667719
147.515667719
147.515667719
147.936540665
147.936540665
147.936540665
147.936540665
147.936540665
147.936540665
147.936540665
148.237447534
147.815718521
147.815718521
147.815718521
147.815718521
147.815718521
147.815718521
147.815718521
147.815718521
147.815718521
147.815718521
147.815718521
147.815718521
147.815718521
147.815718521
147.815718521
147.815718521
147.815718521
147.815718521
147.815718521
147.815718521
147.515667719
147.093590552
147.093590552
147.093590552
147.093590552
147.093590552
147.093590552
147.093590552
146.670298766
146.670298766
146.670298766
146.670298766
146.670298766
146.670298766
146.37135943
146.37135943
146.37135943
146.37135943
146.37135943
146.37135943
146.37135943
145.52282266
145.225008098
145.225008098
145.225008098
145.225008098
145.225008098
145.225008098
144.627539266
143.779276588
143.779276588
143.779276588
143.779276588
143.779276588
143.35326298
143.35326298
143.35326298
143.35326298
143.35326298
143.35326298
143.35326298
142.925979577
142.925979577
142.333090802
142.333090802
142.333090802
142.333090802
142.333090802
142.333090802
142.333090802
142.333090802
142.333090802
142.333090802
142.333090802
142.333090802
141.906303962
141.906303962
141.906303962
141.906303962
141.906303962
141.906303962
141.906303962
141.609823206
141.609823206
141.609823206
141.609823206
141.609823206
141.609823206
141.609823206
141.906303962
142.758601739
142.758601739
142.758601739
142.758601739
142.758601739
142.758601739
143.05624134
143.05624134
143.05624134
143.05624134
143.05624134
143.05624134
143.05624134
143.649670491
145.349725767
145.349725767
145.349725767
145.349725767
145.349725767
145.349725767
145.649023622
145.225008098
145.225008098
145.225008098
145.225008098
145.225008098
145.225008098
145.225008098
144.799750938
144.799750938
144.799750938
144.799750938
144.799750938
144.799750938
145.649023622
145.649023622
145.947707718
145.947707718
145.947707718
145.947707718
145.947707718
145.349725767
144.076564955
144.076564955
144.076564955
144.076564955
144.076564955
144.076564955
143.649670491
143.649670491
143.35326298
143.35326298
143.35326298
143.35326298
143.35326298
143.35326298
142.925979577
142.925979577
142.925979577
142.925979577
142.925979577
142.925979577
142.925979577
143.35326298
143.35326298
143.35326298
143.35326298
143.35326298
143.35326298
142.758601739
141.906303962
141.906303962
141.906303962
141.906303962
141.906303962
141.906303962
141.609823206
141.182643279
141.182643279
141.182643279
141.182643279
141.182643279
141.182643279
140.324382175
139.734950184
139.734950184
139.734950184
139.734950184
139.734950184
139.734950184
139.439299858
139.0109139
139.0109139
139.0109139
139.0109139
