15.42
15.41
15.41
15.41
15.41
15.41
15.41
15.41
15.41
15.41
15.42
15.42
15.42
15.42
15.42
15.42
15.42
15.42
15.42
15.42
15.42
15.43
15.43
15.43
15.43
15.43
15.42
15.42
15.42
15.42
15.42
15.42
15.42
15.42
15.42
15.43
15.43
15.43
15.43
15.43
15.42
15.42
15.42
15.42
15.42
15.42
15.42
15.43
15.43
15.43
15.43
15.43
15.43
15.43
15.43
15.43
15.43
15.43
15.43
15.43
15.43
15.43
15.43
15.43
15.43
15.43
15.43
15.43
15.43
15.43
15.45
15.45
15.45
15.45
15.44
15.44
15.44
15.44
15.44
15.44
15.44
15.44
15.44
15.43
15.43
15.43
15.43
15.43
15.44
15.44
15.44
15.44
15.44
15.44
15.44
15.44
15.44
15.43
15.43
15.43
15.43
15.43
15.43
15.43
15.43
15.43
15.43
15.43
15.43
15.43
15.43
15.43
15.43
15.43
15.43
15.43
15.44
15.44
15.44
15.44
15.44
15.44
15.44
15.44
15.44
15.45
15.45
15.45
15.45
15.45
15.45
15.45
15.45
15.45
15.45
15.45
15.45
15.46
15.46
15.46
15.46
15.46
15.46
15.48
15.48
15.48
15.48
15.48
15.48
15.48
15.48
15.48
15.5
15.5
15.5
15.5
15.5
15.51
15.51
15.51
15.51
15.51
15.51
15.51
15.51
15.51
15.51
15.51
15.51
15.51
15.51
15.52
15.52
15.52
15.52
15.52
15.52
15.52
15.52
15.52
15.53
15.53
15.53
15.53
15.53
15.52
15.52
15.52
15.52
15.52
15.52
15.52
15.52
15.52
15.53
15.53
15.53
15.53
15.53
15.53
15.53
15.53
15.53
15.53
15.53
15.53
15.54
15.54
15.54
15.54
15.54
15.54
15.55
15.55
15.55
15.55
15.55
15.55
15.55
15.55
15.55
15.55
15.55
15.55
15.55
15.55
15.57
15.57
15.57
15.57
15.57
15.57
15.57
15.57
15.57
15.58
15.58
15.58
15.58
15.58
15.59
15.59
15.59
15.59
15.59
15.59
15.59
15.59
15.59
15.6
15.6
15.6
15.6
15.6
15.61
15.61
15.61
15.61
15.61
15.61
15.61
15.61
15.61
15.6
15.6
15.6
15.6
15.6
15.61
15.61
15.61
15.61
15.61
15.61
15.61
15.61
15.61
15.63
15.63
15.63
15.63
15.63
15.63
15.62
15.62
15.62
15.62
15.62
15.62
15.63
15.63
15.63
15.63
15.63
15.63
15.63
15.63
15.63
15.64
15.64
15.64
15.64
15.64
15.67
15.67
15.67
15.67
15.67
15.67
15.67
15.67
15.67
15.68
15.68
15.68
15.68
15.68
15.67
15.67
15.67
15.67
15.67
15.67
15.67
15.67
15.67
15.67
15.67
15.67
15.67
15.67
15.67
15.67
15.67
15.67
15.67
15.67
15.67
15.66
15.66
15.66
