45.87
45.87
45.87
45.87
45.87
45.87
45.87
45.87
45.87
45.93
45.93
45.93
45.93
45.93
45.93
45.93
45.84
45.84
45.84
45.84
45.84
45.84
45.89
45.89
45.89
45.89
45.89
45.89
45.89
45.89
46.26
46.26
46.26
46.26
46.26
46.26
46.73
46.73
46.73
46.73
46.73
46.73
46.73
46.73
47.16
47.16
47.16
47.16
47.16
47.16
47.47
47.47
47.47
47.47
47.47
47.47
47.47
47.79
47.79
47.79
47.79
47.79
47.79
47.79
47.79
48.04
48.04
48.04
48.04
48.04
48.04
48.16
48.16
48.16
48.16
48.16
48.16
48.16
48.35
48.35
48.35
48.35
48.35
48.35
48.46
48.46
48.46
48.46
48.46
48.46
48.46
48.46
48.51
48.51
48.51
48.51
48.51
48.51
48.54
48.54
48.54
48.54
48.54
48.54
48.54
48.48
48.48
48.48
48.48
48.48
48.48
48.48
48.47
48.47
48.47
48.47
48.47
48.47
48.47
48.47
48.51
48.51
48.51
48.51
48.51
48.51
48.47
48.47
48.47
48.47
48.47
48.47
48.47
48.43
48.43
48.43
48.43
48.43
48.43
48.43
48.52
48.52
48.52
48.52
48.52
48.52
48.58
48.58
48.58
48.58
48.58
48.58
48.58
48.58
48.48
48.48
48.48
48.48
48.48
48.48
48.48
48.44
48.44
48.44
48.44
48.44
48.44
48.4
48.4
48.4
48.4
48.4
48.4
48.4
48.4
48.3
48.3
48.3
48.3
48.3
48.3
48.27
48.27
48.27
48.27
48.27
48.27
48.27
48.27
48.23
48.23
48.23
48.23
48.23
48.23
48.17
48.17
48.17
48.17
48.17
48.17
48.17
48.17
48.14
48.14
48.14
48.14
48.14
48.14
48.16
48.16
48.16
48.16
48.16
48.16
48.15
48.15
48.15
48.15
48.15
48.15
48.15
48.15
48.11
48.11
48.11
48.11
48.11
48.11
48.11
48.12
48.12
48.12
48.12
48.12
48.12
48.13
48.13
48.13
48.13
48.13
48.13
48.13
48.13
48.17
48.17
48.17
48.17
48.17
48.17
48.18
48.18
48.18
48.18
48.18
48.18
48.18
48.18
48.23
48.23
48.23
48.23
48.23
48.23
48.17
48.17
48.17
48.17
48.17
48.17
48.17
48.17
48.08
48.08
48.08
48.08
48.08
48.08
48.1
48.1
48.1
48.1
48.1
48.1
48.1
48.1
47.99
47.99
47.99
47.99
47.99
47.99
47.99
47.94
47.94
47.94
47.94
47.94
47.94
47.91
47.91
47.91
47.91
47.91
47.91
47.91
47.91
48.0
48.0
48.0
48.0
48.0
48.0
47.97
47.97
47.97
47.97
47.97
47.97
47.97
47.97
47.96
47.96
47.96
47.96
47.96
47.96
47.94
47.94
47.94
47.94
47.94
47.94
47.94
47.94
47.97
47.97
47.97
47.97
47.97
47.97
