149.612850483
149.612850483
149.612850483
149.612850483
149.612850483
149.612850483
149.612850483
149.612850483
149.612850483
149.612850483
150.054839187
150.054839187
150.054839187
150.054839187
149.612850483
149.612850483
149.612850483
149.612850483
149.612850483
149.612850483
149.612850483
149.612850483
149.612850483
149.612850483
149.612850483
149.612850483
149.612850483
149.612850483
149.612850483
149.612850483
149.326584238
148.884134127
148.884134127
148.884134127
148.884134127
148.884134127
148.884134127
148.884134127
149.326584238
149.326584238
149.326584238
149.326584238
149.326584238
149.326584238
149.326584238
149.326584238
149.612850483
149.612850483
149.612850483
149.612850483
149.612850483
150.054839187
150.054839187
150.054839187
150.054839187
150.054839187
150.054839187
149.612850483
149.612850483
149.612850483
149.612850483
149.612850483
149.612850483
149.612850483
149.898570049
150.341402831
150.341402831
150.341402831
150.341402831
150.341402831
150.341402831
150.341402831
150.782935068
150.782935068
150.782935068
150.782935068
150.782935068
150.782935068
150.782935068
150.341402831
150.341402831
150.341402831
150.341402831
150.341402831
150.341402831
150.341402831
150.341402831
150.341402831
150.341402831
150.341402831
150.341402831
150.341402831
150.62742131
151.510874171
151.510874171
151.510874171
151.510874171
151.510874171
151.510874171
151.798024947
152.238658748
152.238658748
152.238658748
152.238658748
152.238658748
152.238658748
152.238658748
152.238658748
152.238658748
152.238658748
152.238658748
152.238658748
152.238658748
152.238658748
151.798024947
151.798024947
151.798024947
151.798024947
151.798024947
151.356108362
151.356108362
151.069793543
151.069793543
151.069793543
151.069793543
151.069793543
151.356108362
151.798024947
151.798024947
151.798024947
151.798024947
151.798024947
151.798024947
151.798024947
151.798024947
151.798024947
151.798024947
151.798024947
151.798024947
151.798024947
151.798024947
151.798024947
151.798024947
151.798024947
151.798024947
151.798024947
151.798024947
151.798024947
150.912897723
150.912897723
150.912897723
150.912897723
150.912897723
150.912897723
150.912897723
151.356108362
151.356108362
151.356108362
151.356108362
151.356108362
151.356108362
151.356108362
151.798024947
151.798024947
151.798024947
151.798024947
151.798024947
151.798024947
151.798024947
151.798024947
151.798024947
151.798024947
151.798024947
151.798024947
151.798024947
152.084633567
152.526099324
152.526099324
152.526099324
152.526099324
152.526099324
152.526099324
152.526099324
152.084633567
152.084633567
152.084633567
152.084633567
152.084633567
152.084633567
151.641882602
151.641882602
151.641882602
151.641882602
151.641882602
151.641882602
151.356108362
151.356108362
151.356108362
151.356108362
151.356108362
151.356108362
151.356108362
150.912897723
150.62742131
150.62742131
150.62742131
150.62742131
150.62742131
150.62742131
150.341402831
149.898570049
149.898570049
149.898570049
149.898570049
149.898570049
149.898570049
149.454425162
149.454425162
149.454425162
149.454425162
149.454425162
149.454425162
149.454425162
149.169552174
149.169552174
149.169552174
149.169552174
149.169552174
149.169552174
149.169552174
149.169552174
148.72493255
148.72493255
148.72493255
148.72493255
148.72493255
148.72493255
149.008956436
149.454425162
149.454425162
149.454425162
149.454425162
149.454425162
149.454425162
149.454425162
149.898570049
149.898570049
149.898570049
149.898570049
149.898570049
149.898570049
149.898570049
150.183746056
150.183746056
150.183746056
150.183746056
150.183746056
150.183746056
150.183746056
150.183746056
150.183746056
150.183746056
150.183746056
150.183746056
150.468381595
150.468381595
150.468381595
150.468381595
150.468381595
150.468381595
150.468381595
150.468381595
150.468381595
150.468381595
150.468381595
150.468381595
150.468381595
150.468381595
150.468381595
150.468381595
150.468381595
150.468381595
150.468381595
150.468381595
150.468381595
150.468381595
150.022548373
150.022548373
150.022548373
150.022548373
150.022548373
150.022548373
150.022548373
150.022548373
149.738756201
149.738756201
149.738756201
149.738756201
149.738756201
149.738756201
148.844785488
148.844785488
148.844785488
148.844785488
148.844785488
148.844785488
148.844785488
149.292439989
149.292439989
149.292439989
149.292439989
149.292439989
149.292439989
149.57538628
150.022548373
150.022548373
150.022548373
150.022548373
150.022548373
150.022548373
150.022548373
150.022548373
150.022548373
150.022548373
150.022548373
150.022548373
150.022548373
150.022548373
150.305804729
150.305804729
150.305804729
150.305804729
150.305804729
150.305804729
150.305804729
150.305804729
150.305804729
150.305804729
150.305804729
150.305804729
150.305804729
150.022548373
149.57538628
149.57538628
149.57538628
149.57538628
149.57538628
149.57538628
148.225806332
147.945412991
147.945412991
147.945412991
147.945412991
147.945412991
147.945412991
148.225806332
149.57538628
149.57538628
149.57538628
149.57538628
149.57538628
149.57538628
149.857798354
149.857798354
149.857798354
149.857798354
149.857798354
149.857798354
149.857798354
149.857798354
149.857798354
149.857798354
149.857798354
149.857798354
149.857798354
149.857798354
150.139679223
150.588528294
150.588528294
150.588528294
150.588528294
150.588528294
150.588528294
150.588528294
150.588528294
150.588528294
150.588528294
150.588528294
150.588528294
150.588528294
150.588528294
150.870722063
150.870722063
150.870722063
150.870722063
150.870722063
150.588528294
150.139679223
150.139679223
150.139679223
150.139679223
150.139679223
150.139679223
150.139679223
150.139679223
150.139679223
150.139679223
150.139679223
150.139679223
150.139679223
149.857798354
149.408448621
149.408448621
149.408448621
149.408448621
149.408448621
149.408448621
149.126883363
148.677027486
148.677027486
148.677027486
148.677027486
148.677027486
148.677027486
148.225806332
148.225806332
148.225806332
148.225806332
148.225806332
148.225806332
148.225806332
148.505670274
148.957743375
148.957743375
148.957743375
148.957743375
148.957743375
148.957743375
148.957743375
148.957743375
148.957743375
148.957743375
148.957743375
148.957743375
148.957743375
148.957743375
148.957743375
148.957743375
148.957743375
148.957743375
148.957743375
148.957743375
148.957743375
148.505670274
148.505670274
148.505670274
148.505670274
148.505670274
148.505670274
148.052216787
148.052216787
147.773207393
147.773207393
147.773207393
147.773207393
147.493670217
146.586008242
146.586008242
146.586008242
146.586008242
146.586008242
146.586008242
146.586008242
147.040539591
147.040539591
147.040539591
147.040539591
147.040539591
147.040539591
147.493670217
147.493670217
147.493670217
147.493670217
147.493670217
147.493670217
147.493670217
147.773207393
147.773207393
147.773207393
147.773207393
147.773207393
147.773207393
147.773207393
148.225806332
148.225806332
148.225806332
148.225806332
148.225806332
148.225806332
148.225806332
148.505670274
148.052216787
148.052216787
148.052216787
148.052216787
148.052216787
148.052216787
148.052216787
148.052216787
148.052216787
148.052216787
148.052216787
148.052216787
148.052216787
148.052216787
148.052216787
148.052216787
148.052216787
148.052216787
148.052216787
148.052216787
148.052216787
148.052216787
148.052216787
148.052216787
148.052216787
148.052216787
148.052216787
147.773207393
147.319217972
147.319217972
147.319217972
147.319217972
147.319217972
147.040539591
146.586008242
146.586008242
146.586008242
146.586008242
146.586008242
146.586008242
147.040539591
147.040539591
147.040539591
147.040539591
147.319217972
147.319217972
147.319217972
147.773207393
147.773207393
147.773207393
147.773207393
147.773207393
147.773207393
147.773207393
147.773207393
147.319217972
147.319217972
147.319217972
147.319217972
147.319217972
147.319217972
147.773207393
147.773207393
148.052216787
148.052216787
148.052216787
148.052216787
