46.27
46.27
46.27
46.27
46.27
46.27
46.27
46.27
46.29
46.29
46.29
46.29
46.29
46.29
46.29
46.26
46.26
46.26
46.26
46.26
46.26
46.24
46.24
46.24
46.24
46.18
46.18
46.18
46.18
46.18
46.18
46.18
46.18
46.18
46.18
46.18
46.1
46.1
46.1
46.1
46.1
46.1
45.42
45.42
45.42
45.42
45.42
45.42
45.42
44.77
44.77
44.77
44.77
44.77
44.77
44.77
44.3
44.3
44.3
44.3
44.3
44.3
44.04
44.04
44.04
44.04
44.04
44.04
44.04
44.04
43.97
43.97
43.97
43.97
43.97
43.97
44.0
44.0
44.0
44.0
44.0
44.0
44.0
44.0
44.14
44.14
44.14
44.14
44.14
44.14
44.44
44.44
44.44
44.44
44.44
44.44
44.44
44.44
44.76
44.76
44.76
44.76
44.76
44.76
45.11
45.11
45.11
45.11
45.11
45.11
45.11
45.11
45.46
45.46
45.46
45.46
45.46
45.46
45.84
45.84
45.84
45.84
45.84
45.84
46.29
46.29
46.29
46.29
46.29
46.29
46.29
46.29
46.81
46.81
46.81
46.81
46.81
46.81
47.3
47.3
47.3
47.3
47.3
47.3
47.3
47.3
47.71
47.71
47.71
47.71
47.71
47.71
48.23
48.23
48.23
48.23
48.23
48.23
48.23
48.23
48.79
48.79
48.79
48.79
48.79
48.79
49.33
49.33
49.33
49.33
49.33
49.33
49.33
49.33
49.84
49.84
49.84
49.84
49.84
50.31
50.31
50.31
50.31
50.31
50.31
50.31
50.31
50.79
50.79
50.79
50.79
51.27
51.27
51.27
51.27
51.27
51.27
51.27
51.27
51.27
51.71
51.71
51.71
51.71
51.71
51.71
51.71
51.71
52.2
52.2
52.2
52.2
52.2
52.2
52.76
52.76
52.76
52.76
52.76
52.76
52.76
52.76
53.27
53.27
53.27
53.27
53.27
53.27
53.27
53.73
53.73
53.73
53.73
53.73
53.73
54.27
54.27
54.27
54.27
54.27
54.27
54.27
54.27
54.77
54.77
54.77
54.77
54.77
54.77
55.21
55.21
55.21
55.21
55.21
55.21
55.21
55.66
55.66
55.66
55.66
55.66
55.66
55.66
56.11
56.11
56.11
56.11
56.11
56.11
56.58
56.58
56.58
56.58
56.58
56.58
56.58
56.98
56.98
56.98
56.98
56.98
56.98
56.98
56.98
57.37
57.37
57.37
57.37
57.37
57.37
57.37
57.78
57.78
57.78
57.78
57.78
57.78
58.16
58.16
58.16
58.16
58.16
58.16
58.16
58.16
58.6
58.6
58.6
58.6
58.6
58.6
59.09
59.09
59.09
59.09
59.09
59.09
59.09
59.09
59.48
59.48
59.48
59.48
59.48
59.48
59.89
59.89
59.89
59.89
59.89
59.89
60.27
60.27
60.27
60.27
60.27
60.27
60.27
60.27
60.27
60.55
60.55
60.55
60.55
60.55
60.55
60.76
60.76
60.76
60.76
60.76
60.76
60.76
60.76
61.16
61.16
61.16
61.16
61.16
61.16
61.16
61.5
61.5
61.5
61.5
61.5
61.5
61.83
61.83
61.83
61.83
61.83
61.83
61.83
62.16
62.16
62.16
62.16
62.16
62.16
62.16
62.16
62.52
62.52
62.52
62.52
62.52
62.52
62.52
62.79
62.79
62.79
62.79
62.79
62.79
63.03
63.03
63.03
63.03
63.03
63.03
63.28
63.28
63.28
63.28
63.28
63.28
63.53
63.53
63.53
63.53
63.53
63.53
63.53
63.53
63.53
63.86
63.86
63.86
63.86
63.86
63.86
64.15
64.15
64.15
64.15
64.15
64.15
64.15
64.15
64.52
64.52
64.52
64.52
64.52
64.76
64.76
64.76
64.76
64.76
64.76
64.76
64.76
65.02
65.02
65.02
65.02
65.02
65.02
65.02
65.02
65.22
65.22
65.22
65.22
65.22
65.22
65.42
65.42
65.42
65.42
65.42
65.42
65.42
65.6
65.6
65.6
65.6
65.6
65.6
65.6
65.93
65.93
65.93
65.93
65.93
65.93
66.2
66.2
66.2
66.2
66.2
66.2
66.2
66.2
66.43
66.43
66.43
66.43
66.43
66.43
66.43
66.64
66.64
66.64
66.64
66.64
66.64
66.74
66.74
66.74
66.74
66.74
66.74
66.74
66.74
66.93
66.93
66.93
66.93
66.93
66.93
67.02
67.02
67.02
67.02
67.02
67.02
67.02
67.02
67.0
67.0
67.0
67.0
67.0
67.0
66.97
66.97
66.97
66.97
66.97
66.97
66.97
66.89
66.89
66.89
66.89
66.89
66.89
66.77
66.77
66.77
66.77
66.77
66.77
66.77
66.63
66.63
66.63
66.63
66.63
66.63
66.63
66.63
66.4
66.4
66.4
66.4
66.4
66.4
66.14
66.14
66.14
66.14
66.14
66.14
66.14
66.14
