19.34
19.34
19.34
19.34
19.34
19.34
19.34
19.34
19.34
19.34
19.34
19.34
19.34
19.33
19.33
19.33
19.33
19.33
19.33
19.33
19.31
19.31
19.31
19.31
19.31
19.31
19.31
19.31
19.29
19.29
19.29
19.29
19.27
19.27
19.27
19.27
19.27
19.27
19.27
19.27
19.27
19.26
19.26
19.26
19.26
19.26
19.26
19.25
19.25
19.25
19.25
19.25
19.24
19.24
19.24
19.24
19.24
19.24
19.24
19.24
19.24
19.22
19.22
19.22
19.22
19.22
19.2
19.2
19.2
19.2
19.2
19.2
19.2
19.2
19.2
19.21
19.21
19.21
19.21
19.21
19.21
19.21
19.21
19.21
19.21
19.21
19.21
19.21
19.21
19.22
19.22
19.22
19.22
19.22
19.24
19.24
19.24
19.24
19.24
19.24
19.24
19.24
19.24
19.25
19.25
19.25
19.25
19.25
19.25
19.26
19.26
19.26
19.26
19.26
19.26
19.28
19.28
19.28
19.28
19.28
19.28
19.28
19.28
19.28
19.28
19.28
19.28
19.28
19.29
19.29
19.29
19.29
19.29
19.29
19.29
19.29
19.29
19.3
19.3
19.3
19.3
19.3
19.3
19.3
19.3
19.3
19.3
19.3
19.3
19.3
19.3
19.31
19.31
19.31
19.31
19.31
19.33
19.33
19.33
19.33
19.33
19.33
19.33
19.33
19.33
19.31
19.31
19.31
19.31
19.31
19.31
19.3
19.3
19.3
19.3
19.3
19.3
19.28
19.28
19.28
19.28
19.28
19.28
19.28
19.28
19.28
19.26
19.26
19.26
19.26
19.26
19.26
19.26
19.26
19.25
19.25
19.25
19.25
19.25
19.23
19.23
19.23
19.23
19.23
19.23
19.23
19.23
19.23
19.23
19.23
19.23
19.2
19.2
19.2
19.2
19.2
19.2
19.2
19.2
19.2
19.19
19.19
19.19
19.19
19.19
19.17
19.17
19.17
19.17
19.17
19.17
19.17
19.17
19.17
19.16
19.16
19.16
19.16
19.16
19.17
19.17
19.17
19.17
19.17
19.17
19.17
19.17
19.17
19.18
19.18
19.18
19.18
19.18
19.18
19.19
19.19
19.19
19.19
19.19
19.18
19.18
19.18
19.18
19.18
19.18
19.18
19.18
19.18
19.18
19.18
19.18
19.18
19.18
19.18
19.18
19.18
19.18
19.18
19.18
19.18
19.18
19.18
19.18
19.18
19.18
19.18
19.18
19.19
19.19
19.19
19.19
19.19
19.19
19.19
19.19
19.19
19.2
19.2
19.2
19.2
19.2
19.19
19.19
19.19
19.19
19.19
19.19
19.19
19.19
19.19
19.18
19.18
19.18
19.18
19.18
19.17
19.17
19.17
19.17
19.17
19.17
19.17
19.17
19.17
19.15
19.15
19.15
19.15
19.15
19.13
19.13
19.13
19.13
19.13
19.13
19.13
19.13
19.13
19.13
19.13
19.13
19.13
19.13
19.13
19.13
19.14
19.14
19.14
19.14
19.14
19.16
19.16
19.16
19.16
19.16
19.16
19.16
19.16
19.16
19.18
19.18
19.18
19.18
19.18
19.18
19.18
19.21
19.21
19.21
19.21
19.21
19.21
19.21
19.22
19.22
19.22
19.22
19.22
19.22
19.22
19.22
19.22
19.22
19.22
19.22
19.22
19.22
19.22
19.23
19.23
19.23
19.23
19.23
19.23
19.23
19.23
19.23
19.23
19.23
19.23
19.25
19.25
19.25
19.25
19.25
19.25
19.25
19.25
19.25
19.25
19.25
19.25
19.25
19.25
19.25
19.25
19.25
19.25
19.25
19.25
19.25
19.25
19.25
19.25
19.25
19.25
19.25
19.25
19.25
19.25
19.25
19.25
19.25
19.25
19.25
19.25
19.25
19.25
19.25
19.25
19.25
19.25
19.26
19.26
19.26
19.26
19.26
19.26
19.27
19.27
19.27
19.27
19.27
19.27
19.29
19.29
19.29
19.29
19.29
19.29
19.29
19.29
19.29
19.29
19.29
19.29
19.29
19.28
19.28
19.28
19.28
19.28
19.28
19.28
19.28
19.28
19.26
19.26
19.26
19.26
19.26
19.26
19.23
19.23
19.23
19.23
19.23
19.23
19.21
19.21
19.21
19.21
19.21
19.21
19.21
19.21
19.21
19.22
19.22
19.22
19.22
19.22
19.24
19.24
19.24
19.24
19.24
19.24
19.24
19.24
19.24
19.25
19.25
19.25
19.25
19.25
19.28
19.28
19.28
19.28
19.28
19.28
19.28
19.28
19.28
19.28
19.28
19.28
19.28
19.28
19.28
19.28
19.28
19.28
19.28
19.28
19.28
19.28
19.28
19.28
19.28
19.28
19.28
19.28
19.28
19.28
19.28
19.28
19.28
19.28
19.28
19.28
19.28
19.28
19.28
19.28
19.28
19.32
19.32
19.32
19.32
19.32
19.32
19.32
19.32
19.32
19.35
19.35
