15.66
15.66
15.66
15.66
15.66
15.65
15.65
15.65
15.65
15.65
15.64
15.64
15.64
15.64
15.64
15.64
15.65
15.65
15.65
15.65
15.65
15.65
15.65
15.65
15.65
15.65
15.65
15.65
15.65
15.65
15.66
15.66
15.66
15.66
15.66
15.66
15.66
15.66
15.66
15.67
15.67
15.67
15.67
15.67
15.7
15.7
15.7
15.7
15.7
15.7
15.7
15.7
15.7
15.72
15.72
15.72
15.72
15.72
15.73
15.73
15.73
15.73
15.73
15.73
15.73
15.73
15.73
15.73
15.73
15.73
15.73
15.73
15.73
15.73
15.78
15.78
15.78
15.78
15.78
15.78
15.78
15.78
15.78
15.78
15.78
15.78
15.78
15.78
15.77
15.77
15.77
15.77
15.77
15.75
15.75
15.75
15.75
15.75
15.75
15.75
15.75
15.75
15.74
15.74
15.74
15.74
15.74
15.74
15.74
15.74
15.74
15.74
15.74
15.74
15.74
15.74
15.74
15.74
15.74
15.74
15.74
15.74
15.74
15.75
15.75
15.75
15.75
15.75
15.76
15.76
15.76
15.76
15.76
15.76
15.76
15.76
15.76
15.76
15.76
15.76
15.76
15.76
15.76
15.76
15.75
15.75
15.75
15.75
15.75
15.75
15.75
15.75
15.75
15.75
15.75
15.75
15.75
15.74
15.74
15.74
15.74
15.74
15.73
15.73
15.73
15.73
15.73
15.73
15.73
15.73
15.73
15.75
15.75
15.75
15.75
15.75
15.77
15.77
15.77
15.77
15.77
15.77
15.77
15.77
15.77
15.78
15.78
15.78
15.78
15.78
15.81
15.81
15.81
15.81
15.81
15.81
15.81
15.82
15.82
15.82
15.82
15.82
15.82
15.82
15.82
15.82
15.82
15.82
15.82
15.82
15.82
15.82
15.82
15.84
15.84
15.84
15.84
15.86
15.86
15.86
15.86
15.86
15.86
15.86
15.86
15.86
15.89
15.89
15.89
15.89
15.89
15.88
15.88
15.88
15.88
15.88
15.88
15.88
15.88
15.88
15.86
15.86
15.86
15.86
15.86
15.85
15.85
15.85
15.85
15.85
15.85
15.85
15.85
15.85
15.84
15.84
15.84
15.84
15.84
15.84
15.84
15.84
15.84
15.84
15.84
15.84
15.85
15.85
15.85
15.85
15.85
15.85
15.85
15.85
15.85
15.85
15.85
15.85
15.85
15.85
15.85
15.84
15.84
15.84
15.84
15.84
15.84
15.84
15.84
15.84
15.84
15.84
15.84
15.84
15.84
15.84
15.84
15.84
15.84
15.84
15.84
15.84
15.83
15.83
15.83
15.83
15.83
15.83
15.83
15.83
15.83
15.83
15.83
15.83
15.83
15.83
15.86
15.86
15.86
15.86
15.86
15.89
15.89
15.89
15.89
15.89
15.89
15.89
15.89
15.89
15.9
15.9
15.9
15.9
15.9
15.91
15.91
15.91
15.91
15.91
15.91
15.91
15.91
15.91
15.92
15.92
15.92
15.92
15.92
15.92
15.92
15.92
15.92
15.92
15.92
15.91
15.91
15.91
15.91
15.91
15.91
15.91
15.91
15.91
15.9
15.9
15.9
15.9
15.9
15.9
15.88
15.88
15.88
15.88
15.88
15.88
15.89
15.89
15.89
15.89
15.89
15.89
15.89
15.89
15.89
15.89
15.89
15.89
15.89
15.89
15.9
15.9
15.9
15.9
15.9
15.9
15.9
15.9
15.9
15.9
15.9
15.9
15.9
15.9
15.93
15.93
15.93
15.93
15.93
15.93
15.93
15.93
15.93
15.95
15.95
15.95
15.95
15.95
15.96
15.96
15.96
15.96
15.96
15.96
15.96
15.96
16.0
16.0
16.0
16.0
16.0
16.0
16.0
16.03
16.03
16.03
16.03
16.03
16.05
16.05
16.05
16.05
16.05
16.05
16.05
16.05
16.05
16.07
16.07
16.07
16.07
16.07
16.07
16.07
16.07
16.07
16.07
16.07
16.07
16.07
16.07
16.08
16.08
16.08
16.08
16.08
16.08
16.08
16.08
16.07
16.07
16.07
16.07
16.06
16.06
16.06
16.06
16.06
16.06
16.06
16.06
16.06
16.08
16.08
16.08
16.08
16.08
16.11
16.11
16.11
