139.0109139
138.58120371
138.58120371
138.286748476
138.286748476
138.286748476
138.286748476
138.286748476
138.286748476
138.715545624
138.715545624
138.715545624
138.715545624
138.715545624
139.305655928
140.162929594
140.162929594
140.162929594
140.162929594
140.162929594
140.162929594
141.014991726
141.014991726
141.312720438
141.312720438
141.312720438
141.312720438
141.312720438
141.906303962
142.758601739
142.758601739
142.758601739
142.758601739
142.758601739
142.758601739
142.758601739
142.758601739
142.758601739
142.758601739
142.758601739
142.758601739
142.758601739
143.05624134
143.05624134
143.05624134
143.05624134
143.05624134
143.05624134
143.05624134
143.05624134
143.481372267
143.481372267
143.481372267
143.481372267
143.481372267
143.481372267
143.05624134
143.05624134
143.05624134
143.05624134
143.05624134
143.05624134
143.05624134
143.35326298
144.204031654
144.204031654
144.204031654
144.204031654
144.204031654
144.204031654
145.049810353
145.049810353
145.349725767
145.349725767
145.349725767
145.349725767
145.349725767
145.649023622
144.373241173
144.373241173
144.373241173
144.373241173
144.373241173
144.373241173
145.649023622
145.649023622
145.649023622
145.649023622
145.649023622
145.649023622
145.649023622
145.349725767
144.502198275
144.502198275
144.502198275
144.502198275
144.502198275
144.502198275
145.096693422
146.37135943
146.37135943
146.37135943
146.37135943
146.37135943
146.37135943
146.968630065
146.968630065
146.968630065
146.968630065
146.968630065
146.968630065
146.968630065
146.968630065
146.543249636
146.543249636
146.543249636
146.543249636
146.543249636
146.543249636
146.840114863
148.115161498
148.115161498
148.115161498
148.115161498
148.115161498
148.115161498
147.266357022
146.968630065
146.968630065
146.968630065
146.968630065
146.968630065
146.968630065
146.670298766
145.820029
145.820029
145.820029
145.820029
145.820029
145.820029
146.245781816
146.245781816
146.245781816
146.245781816
146.245781816
146.245781816
145.947707718
145.096693422
145.096693422
145.096693422
145.096693422
145.096693422
145.096693422
144.240658261
144.240658261
143.945467666
143.945467666
143.945467666
143.945467666
143.945467666
143.945467666
143.945467666
143.945467666
143.945467666
143.945467666
143.945467666
143.945467666
143.649670491
143.649670491
143.649670491
143.649670491
143.649670491
143.649670491
143.649670491
144.240658261
145.096693422
145.096693422
145.096693422
145.096693422
145.096693422
145.096693422
145.096693422
145.52282266
145.52282266
145.52282266
145.52282266
145.52282266
145.52282266
145.52282266
146.116630828
146.116630828
146.116630828
146.116630828
146.116630828
146.116630828
146.116630828
146.543249636
146.543249636
146.543249636
146.543249636
145.688762762
145.688762762
145.688762762
145.393029462
145.393029462
145.393029462
145.393029462
145.393029462
145.393029462
144.535245991
144.535245991
143.945467666
143.945467666
143.945467666
143.945467666
143.945467666
143.945467666
143.945467666
143.945467666
143.945467666
143.945467666
143.945467666
143.516419118
143.516419118
143.221503605
143.221503605
143.221503605
143.221503605
143.221503605
142.925979577
142.497414955
142.497414955
142.497414955
142.497414955
142.497414955
142.497414955
142.497414955
143.35326298
143.35326298
143.35326298
143.35326298
143.35326298
143.35326298
143.649670491
143.221503605
143.221503605
143.221503605
143.221503605
143.221503605
143.221503605
143.810729858
145.947707718
145.947707718
145.947707718
145.947707718
145.947707718
145.947707718
145.52282266
145.820029
145.820029
145.820029
145.820029
145.820029
145.820029
145.820029
146.245781816
146.245781816
146.245781816
146.245781816
146.245781816
146.245781816
146.245781816
145.393029462
145.393029462
145.393029462
145.393029462
145.393029462
145.393029462
144.535245991
144.535245991
144.240658261
144.240658261
144.240658261
144.240658261
143.649670491
143.221503605
143.221503605
143.221503605
143.221503605
143.221503605
143.221503605
143.810729858
145.096693422
145.096693422
145.096693422
145.096693422
145.096693422
145.096693422
145.947707718
145.947707718
146.245781816
146.245781816
146.245781816
146.245781816
146.245781816
145.947707718
144.669309007
144.669309007
144.669309007
144.669309007
144.669309007
144.669309007
144.240658261
144.240658261
143.945467666
143.945467666
143.945467666
143.945467666
143.945467666
143.945467666
143.945467666
143.945467666
143.945467666
143.945467666
143.945467666
143.945467666
143.649670491
142.792052853
142.792052853
142.792052853
142.792052853
142.792052853
142.792052853
142.497414955
142.06755752
142.06755752
142.06755752
142.06755752
142.06755752
142.06755752
142.06755752
142.497414955
142.497414955
142.497414955
142.497414955
142.497414955
142.497414955
142.06755752
142.06755752
142.06755752
142.06755752
142.06755752
142.06755752
141.773199806
141.342931136
141.342931136
141.342931136
141.342931136
141.342931136
141.342931136
141.636395501
142.06755752
142.06755752
142.06755752
142.06755752
142.06755752
142.06755752
141.203916948
141.203916948
140.911348659
140.911348659
140.911348659
140.911348659
140.911348659
141.203916948
141.636395501
141.636395501
141.636395501
141.636395501
141.636395501
141.636395501
141.636395501
141.636395501
141.342931136
141.342931136
141.342931136
141.342931136
141.342931136
141.342931136
140.911348659
140.911348659
140.911348659
140.911348659
140.911348659
140.911348659
141.203916948
142.06755752
142.06755752
142.06755752
142.06755752
142.06755752
142.06755752
142.361306614
143.221503605
143.221503605
143.221503605
143.221503605
143.221503605
143.221503605
143.516419118
143.086084059
143.086084059
143.086084059
143.086084059
143.086084059
143.086084059
143.516419118
143.516419118
143.516419118
143.516419118
143.516419118
143.516419118
143.221503605
141.929253093
141.929253093
141.929253093
141.929253093
141.929253093
141.929253093
141.929253093
141.929253093
141.929253093
141.929253093
141.929253093
141.929253093
141.929253093
141.929253093
141.495880317
141.495880317
141.495880317
141.495880317
141.495880317
141.495880317
143.649670491
143.649670491
144.240658261
144.240658261
144.240658261
144.240658261
144.240658261
144.829234536
144.397551804
144.397551804
144.397551804
144.397551804
144.397551804
144.397551804
144.397551804
144.397551804
144.397551804
144.397551804
144.397551804
144.397551804
144.397551804
144.397551804
144.397551804
144.397551804
144.397551804
144.397551804
144.397551804
144.397551804
144.104439531
144.104439531
144.104439531
144.104439531
144.104439531
144.104439531
144.104439531
143.516419118
142.22150766
142.22150766
142.22150766
142.22150766
142.22150766
142.22150766
142.51316291
143.379512306
143.379512306
143.379512306
143.379512306
