47.98
47.98
47.98
47.98
47.98
47.98
48.04
48.04
48.04
48.04
48.04
48.04
48.04
48.05
48.05
48.05
48.05
48.05
48.05
48.05
47.46
47.46
47.46
47.46
47.46
47.46
46.77
46.77
46.77
46.77
46.77
46.77
46.77
46.77
46.22
46.22
46.22
46.22
46.22
46.22
45.9
45.9
45.9
45.9
45.9
45.9
45.9
45.9
45.78
45.78
45.78
45.78
45.78
45.78
45.8
45.8
45.8
45.8
45.8
45.8
45.8
45.8
45.96
45.96
45.96
45.96
45.96
45.96
46.2
46.2
46.2
46.2
46.2
46.2
46.2
46.2
46.37
46.37
46.37
46.37
46.37
46.37
46.37
46.78
46.78
46.78
46.78
46.78
46.78
47.08
47.08
47.08
47.08
47.08
47.08
47.08
47.08
47.52
47.52
47.52
47.52
47.52
47.52
47.98
47.98
47.98
47.98
47.98
47.98
47.98
47.98
48.39
48.39
48.39
48.39
48.39
48.39
48.39
48.87
48.87
48.87
48.87
48.87
48.87
49.27
49.27
49.27
49.27
49.27
49.27
49.27
49.27
49.68
49.68
49.68
49.68
49.68
49.68
50.19
50.19
50.19
50.19
50.19
50.19
50.19
50.62
50.62
50.62
50.62
50.62
50.62
50.62
51.09
51.09
51.09
51.09
51.09
51.09
51.6
51.6
51.6
51.6
51.6
51.6
51.6
51.6
52.09
52.09
52.09
52.09
52.09
52.09
52.58
52.58
52.58
52.58
52.58
52.58
52.58
52.58
53.13
53.13
53.13
53.13
53.13
53.13
53.53
53.53
53.53
53.53
53.53
53.53
53.53
53.53
54.05
54.05
54.05
54.05
54.05
54.05
54.05
54.51
54.51
54.51
54.51
54.51
54.51
54.9
54.9
54.9
54.9
54.9
54.9
54.9
55.4
55.4
55.4
55.4
55.4
55.4
55.4
55.89
55.89
55.89
55.89
55.89
55.89
56.35
56.35
56.35
56.35
56.35
56.35
56.35
56.35
56.87
56.87
56.87
56.87
56.87
56.87
57.35
57.35
57.35
57.35
57.35
57.35
57.35
57.35
57.96
57.96
57.96
57.96
57.96
57.96
58.29
58.29
58.29
58.29
58.29
58.29
58.29
58.65
58.65
58.65
58.65
58.65
58.65
58.65
58.65
58.96
58.96
58.96
58.96
58.96
58.96
59.27
59.27
59.27
59.27
59.27
59.27
59.65
59.65
59.65
59.65
59.65
59.65
59.65
59.65
60.12
60.12
60.12
60.12
60.12
60.12
60.63
60.63
60.63
60.63
60.63
60.63
60.63
60.63
60.87
60.87
60.87
60.87
60.87
60.87
60.87
61.18
61.18
61.18
61.18
61.18
61.18
61.56
61.56
61.56
61.56
61.56
61.56
61.56
61.56
61.91
61.91
61.91
61.91
61.91
61.91
62.2
62.2
62.2
62.2
62.2
62.2
62.2
62.2
62.55
62.55
62.55
62.55
62.55
62.55
62.89
62.89
62.89
62.89
62.89
62.89
62.89
63.17
63.17
63.17
63.17
63.17
63.17
63.17
63.59
63.59
63.59
63.59
63.59
63.59
63.98
63.98
63.98
63.98
63.98
63.98
63.98
63.98
64.29
64.29
64.29
64.29
64.29
64.29
64.29
64.72
64.72
64.72
64.72
64.72
64.72
64.99
64.99
64.99
64.99
64.99
64.99
64.99
64.99
65.4
65.4
65.4
65.4
65.4
65.4
65.75
65.75
65.75
65.75
65.75
65.75
65.75
65.75
65.99
65.99
65.99
65.99
65.99
65.99
66.19
66.19
66.19
66.19
66.19
66.19
66.19
66.22
66.22
66.22
66.22
66.22
66.22
66.27
66.27
66.27
66.27
66.27
66.27
66.27
66.27
66.28
66.28
66.28
66.28
66.28
66.28
66.28
66.39
66.39
66.39
66.39
66.39
66.39
66.26
66.26
66.26
66.26
66.26
66.26
66.26
66.26
66.08
66.08
66.08
66.08
66.08
66.08
65.9
65.9
65.9
65.9
65.71
65.71
65.71
65.71
65.71
65.71
65.71
65.71
65.71
65.71
65.71
65.48
65.48
65.48
65.48
65.48
65.48
65.28
65.28
65.28
65.28
65.28
65.28
65.28
