65.81
65.81
65.81
65.81
65.81
65.81
65.81
65.51
65.51
65.51
65.51
65.51
65.51
65.59
65.59
65.59
65.59
65.59
65.59
65.59
65.59
66.15
66.15
66.15
66.15
66.15
66.15
66.74
66.74
66.74
66.74
66.74
66.74
66.74
67.29
67.29
67.29
67.29
67.29
67.29
67.62
67.62
67.62
67.62
67.62
67.62
67.62
67.62
67.96
67.96
67.96
67.96
67.96
67.96
68.3
68.3
68.3
68.3
68.3
68.65
68.65
68.65
68.65
68.65
68.65
68.65
68.65
68.65
68.65
68.97
68.97
68.97
68.97
68.97
68.97
68.97
69.17
69.17
69.17
69.17
69.17
69.17
69.37
69.37
69.37
69.37
69.37
69.37
69.37
69.37
69.61
69.61
69.61
69.61
69.61
69.61
69.76
69.76
69.76
69.76
69.76
69.76
69.76
69.92
69.92
69.92
69.92
69.92
69.92
70.22
70.22
70.22
70.22
70.22
70.22
70.22
70.22
70.4
70.4
70.4
70.4
70.4
70.4
70.62
70.62
70.62
70.62
70.62
70.62
70.62
70.62
70.77
70.77
70.77
70.77
70.77
70.77
70.77
70.91
70.91
70.91
70.91
70.91
70.91
71.08
71.08
71.08
71.08
71.08
71.08
71.08
71.08
71.26
71.26
71.26
71.26
71.26
71.26
71.48
71.48
71.48
71.48
71.48
71.48
71.48
71.48
71.67
71.67
71.67
71.67
71.67
71.67
71.82
71.82
71.82
71.82
71.82
71.82
71.82
71.98
71.98
71.98
71.98
71.98
71.98
72.15
72.15
72.15
72.15
72.15
72.15
72.15
72.37
72.37
72.37
72.37
72.37
72.37
72.37
72.37
72.65
72.65
72.65
72.65
72.65
72.65
72.94
72.94
72.94
72.94
72.94
72.94
72.94
72.94
73.12
73.12
73.12
73.12
73.12
73.12
73.29
73.29
73.29
73.29
73.29
73.29
73.29
73.29
73.45
73.45
73.45
73.45
73.45
73.45
73.6
73.6
73.6
73.6
73.6
73.6
73.6
73.72
73.72
73.72
73.72
73.72
73.72
73.72
73.83
73.83
73.83
73.83
73.83
73.83
73.89
73.89
73.89
73.89
73.89
73.89
73.89
73.89
74.04
74.04
74.04
74.04
74.04
74.04
74.17
74.17
74.17
74.17
74.17
74.17
74.17
74.17
74.32
74.32
74.32
74.32
74.32
74.32
74.48
74.48
74.48
74.48
74.48
74.48
74.48
74.48
74.5
74.5
74.5
74.5
74.5
74.5
74.69
74.69
74.69
74.69
74.69
74.78
74.78
74.78
74.78
74.78
74.78
74.78
74.78
74.78
74.91
74.91
74.91
74.91
74.91
74.91
74.91
75.0
75.0
75.0
75.0
75.0
75.0
75.15
75.15
75.15
75.15
75.15
75.15
75.15
75.15
75.23
75.23
75.23
75.23
75.23
75.4
75.4
75.4
75.4
75.4
75.4
75.4
75.4
75.4
75.57
75.57
75.57
75.57
75.57
75.57
75.66
75.66
75.66
75.66
75.66
75.66
75.66
75.66
75.66
75.66
75.86
75.86
75.86
75.86
75.86
76.01
76.01
76.01
76.01
76.01
76.01
76.1
76.1
76.1
76.1
76.1
76.1
76.1
76.29
76.29
76.29
76.29
76.29
76.29
76.29
76.32
76.32
76.32
76.32
76.32
76.32
76.32
76.4
76.4
76.4
76.4
76.4
76.4
76.49
76.49
76.49
76.49
76.49
76.49
76.49
76.49
76.64
76.64
76.64
76.64
76.64
76.64
76.71
76.71
76.71
76.71
76.71
76.71
76.71
76.71
76.77
76.77
76.77
76.77
76.77
76.77
76.95
76.95
76.95
76.95
76.95
76.95
76.95
76.95
77.01
77.01
77.01
77.01
77.01
77.04
77.04
77.04
77.04
77.04
77.04
77.04
77.04
77.17
77.17
77.17
77.17
77.17
77.17
77.17
77.17
77.29
77.29
77.29
77.29
77.29
77.29
77.29
77.41
77.41
77.41
77.41
77.41
77.41
77.48
77.48
77.48
77.48
77.48
77.48
77.48
77.48
77.53
77.53
77.53
77.53
77.53
77.53
77.63
77.63
77.63
77.63
77.63
77.63
77.63
77.63
77.66
77.66
77.66
77.66
77.66
77.66
77.86
77.86
77.86
77.86
77.86
77.86
77.86
77.86
77.98
77.98
77.98
77.98
77.98
77.98
78.03
78.03
78.03
78.03
78.03
78.03
78.03
78.14
78.14
78.14
78.14
78.14
78.14
78.14
78.12
78.12
78.12
78.12
78.12
78.12
78.12
78.12
78.12
78.12
78.12
78.12
78.12
78.12
78.23
78.23
78.23
78.23
78.23
78.23
79.42
79.42
79.42
79.42
79.42
79.42
79.42
79.42
80.67
80.67
80.67
80.67
80.67
80.67
81.71
81.71
81.71
81.71
81.71
81.71
81.71
82.51
82.51
