19.35
19.35
19.35
19.37
19.37
19.37
19.37
19.37
19.37
19.37
19.37
19.37
19.37
19.37
19.37
19.37
19.37
19.37
19.37
19.37
19.37
19.37
19.37
19.37
19.37
19.37
19.36
19.36
19.36
19.36
19.36
19.35
19.35
19.35
19.35
19.35
19.35
19.35
19.35
19.35
19.35
19.35
19.35
19.35
19.32
19.32
19.32
19.32
19.32
19.32
19.32
19.3
19.3
19.3
19.3
19.3
19.3
19.3
19.3
19.3
19.3
19.3
19.28
19.28
19.28
19.28
19.26
19.26
19.26
19.26
19.26
19.26
19.24
19.24
19.24
19.24
19.24
19.24
19.24
19.24
19.24
19.23
19.23
19.23
19.23
19.23
19.24
19.24
19.24
19.24
19.24
19.24
19.24
19.24
19.24
19.24
19.24
19.24
19.24
19.24
19.24
19.24
19.24
19.24
19.24
19.24
19.24
19.24
19.25
19.25
19.25
19.25
19.25
19.25
19.25
19.25
19.25
19.25
19.25
19.25
19.25
19.25
19.25
19.25
19.25
19.25
19.25
19.25
19.25
19.23
19.23
19.23
19.23
19.23
19.24
19.24
19.24
19.24
19.24
19.24
19.24
19.24
19.24
19.24
19.24
19.24
19.24
19.24
19.23
19.23
19.23
19.23
19.23
19.23
19.23
19.23
19.23
19.21
19.21
19.21
19.21
19.21
19.19
19.19
19.19
19.19
19.19
19.19
19.19
19.19
19.19
19.18
19.18
19.18
19.18
19.16
19.16
19.16
19.16
19.16
19.16
19.16
19.15
19.15
19.15
19.15
19.15
19.15
19.15
19.15
19.15
19.16
19.16
19.16
19.16
19.16
19.19
19.19
19.19
19.19
19.19
19.19
19.19
19.19
19.19
19.21
19.21
19.21
19.21
19.21
19.22
19.22
19.22
19.22
19.22
19.22
19.22
19.22
19.22
19.24
19.24
19.24
19.24
19.24
19.26
19.26
19.26
19.26
19.26
19.26
19.26
19.26
19.26
19.31
19.31
19.31
19.31
19.31
19.31
19.37
19.37
19.37
19.37
19.37
19.4
19.4
19.4
19.4
19.4
19.4
19.4
19.4
19.4
19.41
19.41
19.41
19.41
19.41
19.4
19.4
19.4
19.4
19.4
19.4
19.4
19.4
19.4
19.37
19.37
19.37
19.37
19.37
19.35
19.35
19.35
19.35
19.35
19.35
19.35
19.35
19.35
19.31
19.31
19.31
19.31
19.31
19.28
19.28
19.28
19.28
19.28
19.28
19.28
19.28
19.28
19.25
19.25
19.25
19.25
19.25
19.25
19.25
19.25
19.25
19.22
19.22
19.22
19.22
19.22
19.17
19.17
19.17
19.17
19.14
19.14
19.14
19.14
19.14
19.14
19.14
19.14
19.14
19.12
19.12
19.12
19.12
19.12
19.12
19.11
19.11
19.11
19.11
19.11
19.11
19.1
19.1
19.1
19.1
19.1
19.1
19.1
19.1
19.1
19.11
19.11
19.11
19.11
19.11
19.11
19.11
19.1
19.1
19.1
19.1
19.1
19.1
19.1
19.12
19.12
19.12
19.12
19.12
19.13
19.13
19.13
19.13
19.13
19.13
19.13
19.19
19.19
19.19
19.19
19.19
19.19
19.19
19.19
19.19
19.26
19.26
19.26
19.26
19.26
19.26
19.31
19.31
19.31
19.31
19.31
19.37
19.37
19.37
19.37
19.37
19.37
19.37
19.37
19.37
19.4
19.4
19.4
19.4
19.4
19.42
19.42
19.42
19.42
19.42
19.42
19.42
19.42
19.42
19.43
19.43
19.43
19.43
19.43
19.42
19.42
19.42
19.42
19.42
19.42
19.42
19.42
19.42
19.39
19.39
19.39
19.39
19.39
19.36
19.36
19.36
19.36
19.36
19.36
19.36
19.33
19.33
19.33
19.33
19.33
19.33
19.33
19.33
19.33
19.32
19.32
19.32
19.32
19.32
19.32
19.3
19.3
19.3
19.3
19.3
19.3
19.29
19.29
19.29
19.29
19.29
19.29
19.29
19.29
19.29
19.27
19.27
19.27
19.27
19.27
19.26
19.26
19.26
19.26
19.26
19.26
19.26
19.26
19.26
19.25
19.25
19.25
19.25
19.25
19.25
19.25
19.25
19.25
19.25
19.25
19.25
19.25
19.25
19.25
19.25
19.25
19.25
19.25
19.24
19.24
19.24
19.24
19.24
19.24
19.24
19.24
19.24
19.23
19.23
19.23
19.23
19.23
19.23
19.23
19.23
19.23
19.23
19.23
19.21
19.21
19.21
19.21
19.21
19.21
19.21
19.21
19.21
19.2
19.2
19.2
19.2
19.2
19.21
19.21
19.21
19.21
19.21
19.21
19.21
19.21
19.21
19.21
19.21
19.21
19.21
19.21
19.23
19.23
19.23
19.23
19.23
19.23
19.23
19.23
19.23
19.25
19.25
19.25
19.25
19.25
19.25
19.25
19.27
19.27
19.27
