148.052216787
148.052216787
148.052216787
148.052216787
148.052216787
148.052216787
148.052216787
148.052216787
148.052216787
148.052216787
148.330701378
148.330701378
148.330701378
148.330701378
148.330701378
148.052216787
147.14111757
147.14111757
147.14111757
147.14111757
147.14111757
147.14111757
147.14111757
147.597370192
147.597370192
147.597370192
147.597370192
147.597370192
147.597370192
147.597370192
148.052216787
148.052216787
148.052216787
148.052216787
148.052216787
148.330701378
148.330701378
148.330701378
148.330701378
148.330701378
148.330701378
148.330701378
147.874999222
147.874999222
147.874999222
147.874999222
147.874999222
147.874999222
147.874999222
147.597370192
147.14111757
147.14111757
147.14111757
147.14111757
147.14111757
147.14111757
147.14111757
147.14111757
147.14111757
147.14111757
147.14111757
147.14111757
147.14111757
148.052216787
148.052216787
148.330701378
148.330701378
148.330701378
148.330701378
148.330701378
148.330701378
148.330701378
148.330701378
148.330701378
148.330701378
148.330701378
148.330701378
148.330701378
148.330701378
148.608664116
148.608664116
148.608664116
148.608664116
148.608664116
148.330701378
147.874999222
147.874999222
147.874999222
147.874999222
147.874999222
147.874999222
147.874999222
147.417888393
147.417888393
147.417888393
147.417888393
147.417888393
147.417888393
147.14111757
146.6834458
146.6834458
146.6834458
146.6834458
146.6834458
146.959355748
147.417888393
147.417888393
147.417888393
147.417888393
147.417888393
147.417888393
147.417888393
147.417888393
147.417888393
147.417888393
147.417888393
147.417888393
147.417888393
147.417888393
147.417888393
147.417888393
147.417888393
147.417888393
147.417888393
147.417888393
147.417888393
147.417888393
147.417888393
147.417888393
147.417888393
147.417888393
147.417888393
147.417888393
147.417888393
147.417888393
147.417888393
147.417888393
147.417888393
147.417888393
147.417888393
147.417888393
147.417888393
147.417888393
147.417888393
147.417888393
147.417888393
147.417888393
147.417888393
147.417888393
147.417888393
147.417888393
147.417888393
147.417888393
147.14111757
146.6834458
146.6834458
146.6834458
146.6834458
146.6834458
146.6834458
146.6834458
146.224341557
146.224341557
146.224341557
146.224341557
146.224341557
146.224341557
146.224341557
146.224341557
146.224341557
146.224341557
146.224341557
146.224341557
146.224341557
145.948776855
145.948776855
145.948776855
145.948776855
145.948776855
145.948776855
145.948776855
145.489094527
145.489094527
145.489094527
145.489094527
145.489094527
145.489094527
144.565344905
144.565344905
144.291875925
144.291875925
144.291875925
144.291875925
144.291875925
144.01788768
144.478746099
144.478746099
144.478746099
144.478746099
144.478746099
144.478746099
144.753611108
145.213878124
145.213878124
145.213878124
145.213878124
145.213878124
145.213878124
145.489094527
145.948776855
145.948776855
145.948776855
145.948776855
145.948776855
145.948776855
146.224341557
146.6834458
146.6834458
146.6834458
146.6834458
146.6834458
146.6834458
146.959355748
146.959355748
146.959355748
146.959355748
146.959355748
146.959355748
146.959355748
147.234748667
148.152108001
148.152108001
148.152108001
148.152108001
148.152108001
148.152108001
148.152108001
148.152108001
148.428699444
148.428699444
148.428699444
148.428699444
148.704776438
149.163035695
149.163035695
149.163035695
149.163035695
149.163035695
149.163035695
148.704776438
148.704776438
148.704776438
148.704776438
148.704776438
148.704776438
148.704776438
148.428699444
147.509627453
147.509627453
147.509627453
147.509627453
147.509627453
147.509627453
147.234748667
147.234748667
147.234748667
147.234748667
147.234748667
147.234748667
147.234748667
147.234748667
147.234748667
147.234748667
147.234748667
147.234748667
147.234748667
147.234748667
147.234748667
146.773918902
146.773918902
146.773918902
146.773918902
146.773918902
146.773918902
146.499387935
146.499387935
146.499387935
146.499387935
146.499387935
146.499387935
146.499387935
146.224341557
145.301781296
145.301781296
145.301781296
145.301781296
145.301781296
145.301781296
145.301781296
145.763791306
145.763791306
145.763791306
145.763791306
145.763791306
145.763791306
145.763791306
145.301781296
145.301781296
145.301781296
145.301781296
145.301781296
145.301781296
145.763791306
145.763791306
145.763791306
145.763791306
145.763791306
145.763791306
145.763791306
145.301781296
145.301781296
145.301781296
145.301781296
145.301781296
145.301781296
145.301781296
145.301781296
145.027955191
145.027955191
145.027955191
145.027955191
145.027955191
145.027955191
144.565344905
144.565344905
144.565344905
144.565344905
144.565344905
144.565344905
145.110736804
146.037971394
146.037971394
146.037971394
146.037971394
146.037971394
146.037971394
145.763791306
145.301781296
145.301781296
145.301781296
145.301781296
145.301781296
145.301781296
145.301781296
145.301781296
145.301781296
145.301781296
145.301781296
145.301781296
145.301781296
145.301781296
145.301781296
145.301781296
145.301781296
145.301781296
145.301781296
145.301781296
145.575092348
145.575092348
145.575092348
145.575092348
145.575092348
145.575092348
145.575092348
145.575092348
145.575092348
145.575092348
145.575092348
145.575092348
145.575092348
146.499387935
146.499387935
146.773918902
146.773918902
146.773918902
146.773918902
146.773918902
146.773918902
146.773918902
146.773918902
146.773918902
146.773918902
146.773918902
146.773918902
146.773918902
146.773918902
147.047937346
147.047937346
147.047937346
147.047937346
147.047937346
147.047937346
146.584793085
146.584793085
146.584793085
146.584793085
146.584793085
146.584793085
146.584793085
146.584793085
146.584793085
146.584793085
146.584793085
146.584793085
146.584793085
146.311637694
146.311637694
146.311637694
146.311637694
146.311637694
146.311637694
146.311637694
146.311637694
146.311637694
146.311637694
146.311637694
146.311637694
146.311637694
146.311637694
146.311637694
146.584793085
146.584793085
146.584793085
146.584793085
146.584793085
146.584793085
146.311637694
146.311637694
146.311637694
146.311637694
146.311637694
146.311637694
146.311637694
146.311637694
145.847891242
145.847891242
145.847891242
145.847891242
145.847891242
145.847891242
145.382665523
145.382665523
145.382665523
145.382665523
145.382665523
145.382665523
145.382665523
145.382665523
145.382665523
145.382665523
145.382665523
145.382665523
145.382665523
145.382665523
145.847891242
145.847891242
145.847891242
145.847891242
145.847891242
145.847891242
145.847891242
145.847891242
145.847891242
145.847891242
145.847891242
145.847891242
145.847891242
145.847891242
145.847891242
145.382665523
145.382665523
145.382665523
145.382665523
145.382665523
145.382665523
145.110736804
145.575092348
145.575092348
145.575092348
145.575092348
145.575092348
145.575092348
145.575092348
144.64489054
144.64489054
144.64489054
144.64489054
144.64489054
144.64489054
144.64489054
145.110736804
145.110736804
145.110736804
145.110736804
145.110736804
145.110736804
145.382665523
145.847891242
145.847891242
145.847891242
145.847891242
145.847891242
145.847891242
145.382665523
145.382665523
145.382665523
145.382665523
145.382665523
145.382665523
145.654086577
146.120180845
146.120180845
146.120180845
146.120180845
146.120180845
146.120180845
145.186496007
145.186496007
144.915946291
144.915946291
144.915946291
144.915946291
144.915946291
144.64489054
144.64489054
144.64489054
144.64489054
144.64489054
144.64489054
144.64489054
144.64489054
144.177539106
144.177539106
144.177539106
144.177539106
144.177539106
144.177539106
144.177539106
144.64489054
144.64489054
144.64489054
144.64489054
144.64489054
144.64489054
144.64489054
144.64489054
144.64489054
144.64489054
144.64489054
144.64489054
144.64489054
144.64489054
144.64489054
144.177539106
144.177539106
144.177539106
144.177539106
144.177539106
