16.1
16.1
16.1
16.1
16.1
16.1
16.09
16.09
16.09
16.09
16.09
16.08
16.08
16.08
16.08
16.08
16.08
16.08
16.08
16.08
16.08
16.08
16.08
16.08
16.08
16.08
16.08
16.08
16.08
16.08
16.08
16.08
16.08
16.08
16.09
16.09
16.09
16.09
16.09
16.11
16.11
16.11
16.11
16.11
16.11
16.11
16.11
16.11
16.14
16.14
16.14
16.14
16.14
16.15
16.15
16.15
16.15
16.15
16.15
16.16
16.16
16.16
16.16
16.16
16.16
16.16
16.16
16.16
16.15
16.15
16.15
16.15
16.15
16.16
16.16
16.16
16.16
16.16
16.16
16.16
16.16
16.16
16.17
16.17
16.17
16.17
16.17
16.18
16.18
16.18
16.18
16.18
16.18
16.18
16.18
16.18
16.17
16.17
16.17
16.17
16.17
16.18
16.18
16.18
16.18
16.18
16.18
16.18
16.19
16.19
16.19
16.19
16.19
16.19
16.19
16.19
16.19
16.18
16.18
16.18
16.18
16.18
16.18
16.18
16.18
16.18
16.18
16.18
16.18
16.18
16.18
16.18
16.18
16.18
16.18
16.18
16.18
16.18
16.18
16.18
16.18
16.18
16.18
16.18
16.19
16.19
16.19
16.19
16.19
16.18
16.18
16.18
16.18
16.18
16.18
16.18
16.18
16.18
16.19
16.19
16.19
16.19
16.19
16.19
16.19
16.19
16.19
16.19
16.19
16.19
16.22
16.22
16.22
16.22
16.22
16.22
16.22
16.22
16.22
16.24
16.24
16.24
16.24
16.24
16.26
16.26
16.26
16.26
16.26
16.26
16.26
16.26
16.27
16.27
16.27
16.27
16.27
16.27
16.27
16.27
16.27
16.27
16.27
16.27
16.27
16.27
16.27
16.27
16.27
16.27
16.27
16.3
16.3
16.3
16.3
16.3
16.3
16.3
16.3
16.3
16.29
16.29
16.29
16.29
16.29
16.29
16.29
16.29
16.29
16.29
16.29
16.29
16.3
16.3
16.3
16.3
16.3
16.3
16.3
16.33
16.33
16.33
16.33
16.33
16.33
16.33
16.33
16.33
16.32
16.32
16.32
16.32
16.32
16.32
16.33
16.33
16.33
16.33
16.33
16.33
16.33
16.33
16.34
16.34
16.34
16.34
16.34
16.34
16.34
16.34
16.34
16.34
16.34
16.34
16.34
16.33
16.33
16.33
16.33
16.33
16.33
16.33
16.36
16.36
16.36
16.36
16.36
16.36
16.37
16.37
16.37
16.37
16.37
16.37
16.36
16.36
16.36
16.36
16.36
16.36
16.36
16.36
16.36
16.35
16.35
16.35
16.35
16.35
16.34
16.34
16.34
16.34
16.34
16.34
16.34
16.34
16.34
16.32
16.32
16.32
16.32
16.32
16.34
16.34
16.34
16.34
16.34
16.34
16.34
16.34
16.34
16.34
16.34
16.34
16.34
16.35
16.35
16.35
16.35
16.35
16.35
16.35
16.35
