143.379512306
143.379512306
142.946993938
142.946993938
142.946993938
142.946993938
142.946993938
142.946993938
142.946993938
142.946993938
142.51316291
142.51316291
142.51316291
142.51316291
142.51316291
142.51316291
142.22150766
142.654450846
142.654450846
142.654450846
142.654450846
142.654450846
142.654450846
142.654450846
141.787242501
141.787242501
141.787242501
141.787242501
141.787242501
141.787242501
141.495880317
141.929253093
141.929253093
141.929253093
141.929253093
141.929253093
141.929253093
141.929253093
141.929253093
141.929253093
141.929253093
141.929253093
141.929253093
141.929253093
141.636395501
141.203916948
141.203916948
141.203916948
141.203916948
141.203916948
140.770109727
140.770109727
140.770109727
140.770109727
140.770109727
140.770109727
140.770109727
140.770109727
141.203916948
141.203916948
141.203916948
141.203916948
141.203916948
141.203916948
140.334961515
140.334961515
140.334961515
140.334961515
140.334961515
140.334961515
140.334961515
140.044193663
139.60859636
139.60859636
139.60859636
139.60859636
139.60859636
139.60859636
139.318129851
138.882078297
138.882078297
138.882078297
138.882078297
138.882078297
138.882078297
139.748950616
141.929253093
141.929253093
141.929253093
141.929253093
141.929253093
141.929253093
142.22150766
142.22150766
142.22150766
142.22150766
142.22150766
142.22150766
142.22150766
142.654450846
142.946993938
142.946993938
142.946993938
142.946993938
142.946993938
142.946993938
142.946993938
142.078007199
142.078007199
142.078007199
142.078007199
142.078007199
142.078007199
142.51316291
142.51316291
142.51316291
142.51316291
142.51316291
142.51316291
142.804222517
143.238939573
143.238939573
143.238939573
143.238939573
143.238939573
143.238939573
143.672341288
143.672341288
143.964574662
143.964574662
143.964574662
143.964574662
143.964574662
143.964574662
143.094690114
143.094690114
143.094690114
143.094690114
143.094690114
143.094690114
143.094690114
143.964574662
143.964574662
143.964574662
143.964574662
143.964574662
143.964574662
143.672341288
143.238939573
143.238939573
143.238939573
143.238939573
143.238939573
143.238939573
143.238939573
143.672341288
143.672341288
143.672341288
143.672341288
143.672341288
143.672341288
143.672341288
143.672341288
143.672341288
143.672341288
143.672341288
143.672341288
143.672341288
143.964574662
143.530291396
143.530291396
143.530291396
143.530291396
143.530291396
143.530291396
142.657758742
142.657758742
142.368178071
142.368178071
142.368178071
142.368178071
142.368178071
142.368178071
142.804222517
142.804222517
142.804222517
142.804222517
142.804222517
142.804222517
142.804222517
142.804222517
142.804222517
142.804222517
142.804222517
142.804222517
143.384569299
144.690070307
144.690070307
144.690070307
144.690070307
144.690070307
144.690070307
144.981998635
145.415428597
145.415428597
145.415428597
145.415428597
145.415428597
145.415428597
145.415428597
144.981998635
144.981998635
144.981998635
144.981998635
144.981998635
144.981998635
144.690070307
143.821053016
143.821053016
143.821053016
143.821053016
143.821053016
143.821053016
142.067072119
142.067072119
141.492057886
141.492057886
141.492057886
141.492057886
141.492057886
142.368178071
142.368178071
142.368178071
142.368178071
142.368178071
142.368178071
142.368178071
142.804222517
142.804222517
142.804222517
142.804222517
142.804222517
142.804222517
142.804222517
142.22150766
140.476392396
140.476392396
140.476392396
140.476392396
140.476392396
140.476392396
139.595653981
139.595653981
139.021344822
139.021344822
139.021344822
139.021344822
139.8984598
139.8984598
139.8984598
139.8984598
139.8984598
139.8984598
139.8984598
140.187723911
139.748950616
139.748950616
139.748950616
139.748950616
139.748950616
139.748950616
139.460591872
139.021344822
139.021344822
139.021344822
139.021344822
139.021344822
139.021344822
139.021344822
139.021344822
139.021344822
139.021344822
139.021344822
139.021344822
139.021344822
139.021344822
139.021344822
139.021344822
139.021344822
139.021344822
139.021344822
139.021344822
138.733298726
138.293572426
138.293572426
138.293572426
138.293572426
138.293572426
138.293572426
138.293572426
138.293572426
138.293572426
138.293572426
138.293572426
138.293572426
138.293572426
138.005841926
137.12400643
137.12400643
137.12400643
137.12400643
137.12400643
137.12400643
136.550426901
135.666596081
135.666596081
135.666596081
135.666596081
135.666596081
135.666596081
135.380763066
134.493010783
134.493010783
134.493010783
134.493010783
134.493010783
133.923287243
133.479096012
133.479096012
133.479096012
133.479096012
133.479096012
133.479096012
132.586249229
132.303329711
132.303329711
132.303329711
132.303329711
132.303329711
132.303329711
132.868566338
134.208451319
134.208451319
