64.0
64.0
64.0
64.0
64.0
64.0
64.0
63.76
63.76
63.76
63.76
63.76
63.76
63.76
63.76
63.53
63.53
63.53
63.53
63.53
63.53
63.97
63.97
63.97
63.97
63.97
63.97
63.97
63.97
64.83
64.83
64.83
64.83
64.83
64.83
65.6
65.6
65.6
65.6
65.6
65.6
65.6
65.6
66.16
66.16
66.16
66.16
66.16
66.16
66.72
66.72
66.72
66.72
66.72
66.72
66.72
67.22
67.22
67.22
67.22
67.22
67.22
67.22
67.55
67.55
67.55
67.55
67.55
67.55
67.89
67.89
67.89
67.89
67.89
67.89
67.89
67.89
68.25
68.25
68.25
68.25
68.25
68.25
68.74
68.74
68.74
68.74
68.74
68.74
68.74
68.74
69.05
69.05
69.05
69.05
69.05
69.05
69.34
69.34
69.34
69.34
69.34
69.34
69.34
69.34
69.53
69.53
69.53
69.53
69.53
69.53
69.78
69.78
69.78
69.78
69.78
69.78
69.78
70.11
70.11
70.11
70.11
70.11
70.11
70.11
70.47
70.47
70.47
70.47
70.47
70.47
70.72
70.72
70.72
70.72
70.72
70.72
70.72
70.72
71.06
71.06
71.06
71.06
71.06
71.06
71.24
71.24
71.24
71.24
71.24
71.24
71.24
71.24
71.47
71.47
71.47
71.47
71.47
71.47
71.72
71.72
71.72
71.72
71.72
71.72
71.72
71.72
71.95
71.95
71.95
71.95
71.95
71.95
72.17
72.17
72.17
72.17
72.17
72.17
72.17
72.17
72.38
72.38
72.38
72.38
72.38
72.38
72.62
72.62
72.62
72.62
72.62
72.62
72.9
72.9
72.9
72.9
72.9
72.9
72.9
72.9
73.16
73.16
73.16
73.16
73.16
73.16
73.29
73.29
73.29
73.29
73.29
73.29
73.29
73.29
73.46
73.46
73.46
73.46
73.46
73.46
73.62
73.62
73.62
73.62
73.62
73.62
73.99
73.99
73.99
73.99
73.99
73.99
73.99
73.99
73.99
73.99
73.99
74.26
74.26
74.26
74.26
74.26
74.38
74.38
74.38
74.38
74.38
74.38
74.5
74.5
74.5
74.5
74.5
74.5
74.5
74.5
74.5
74.86
75.09
75.09
75.09
75.09
75.09
75.09
75.09
75.09
75.09
75.09
75.09
75.3
75.3
75.3
75.3
75.3
75.3
75.51
75.51
75.51
75.51
75.51
75.51
75.51
75.7
75.7
75.7
75.7
75.7
75.7
75.7
75.7
75.91
75.91
75.91
75.91
75.91
75.91
75.91
76.08
76.08
76.08
76.08
76.08
76.08
76.28
76.28
76.28
76.28
76.28
76.28
76.28
76.28
76.43
76.43
76.43
76.43
76.43
76.43
76.62
76.62
76.62
76.62
76.62
76.62
76.62
76.84
76.84
76.84
76.84
76.84
76.84
76.9
76.9
76.9
76.9
76.9
76.9
76.9
76.9
77.19
77.19
77.19
77.19
