82.51
82.51
82.51
82.51
82.51
82.51
83.11
83.11
83.11
83.11
83.11
83.11
83.72
83.72
83.72
83.72
83.72
83.72
83.72
84.13
84.13
84.13
84.13
84.13
84.13
84.13
84.44
84.44
84.44
84.44
84.44
84.44
84.66
84.66
84.66
84.66
84.66
84.66
84.66
84.66
84.75
84.75
84.75
84.75
84.75
84.75
84.82
84.82
84.82
84.82
84.82
84.82
84.82
84.82
84.8
84.8
84.8
84.8
84.8
84.8
84.82
84.82
84.82
84.82
84.82
84.82
84.82
84.82
84.81
84.81
84.81
84.81
84.81
84.81
84.83
84.83
84.83
84.83
84.83
84.83
84.83
84.83
84.83
84.83
84.83
84.83
84.83
84.83
84.83
84.91
84.91
84.91
84.91
84.91
84.91
84.86
84.86
84.86
84.86
84.86
84.86
84.86
84.86
84.83
84.83
84.83
84.83
84.83
84.83
84.83
84.87
84.87
84.87
84.87
84.87
84.87
84.83
84.83
84.83
84.83
84.83
84.83
84.83
84.83
84.86
84.86
84.86
84.86
84.86
84.86
84.83
84.83
84.83
84.83
84.83
84.83
84.83
84.83
84.86
84.86
84.86
84.86
84.86
84.86
84.78
84.78
84.78
84.78
84.78
84.78
84.78
84.78
84.76
84.76
84.76
84.76
84.76
84.76
84.82
84.82
84.82
84.82
84.82
84.82
84.82
84.75
84.75
84.75
84.75
84.75
84.75
84.75
84.78
84.78
84.78
84.78
84.78
84.78
84.72
84.72
84.72
84.72
84.72
84.72
84.72
84.72
84.69
84.69
84.69
84.69
84.69
84.69
84.69
84.69
84.69
84.69
84.69
84.69
84.69
84.69
84.65
84.65
84.65
84.65
84.65
84.65
84.58
84.58
84.58
84.58
84.58
84.58
84.58
84.58
84.58
84.58
84.58
84.58
84.58
84.58
84.58
84.56
84.56
84.56
84.56
84.56
84.56
84.58
84.58
84.58
84.58
84.58
84.58
84.58
84.54
84.54
84.54
84.54
84.54
84.54
84.54
84.37
84.37
84.37
84.37
84.37
84.37
84.32
84.32
84.32
84.32
84.32
84.32
84.32
84.38
84.38
84.38
84.38
84.38
84.38
84.38
84.38
84.45
84.45
84.45
84.45
84.45
84.45
84.52
84.52
84.52
84.52
84.52
84.52
84.52
84.52
84.48
84.48
84.48
84.48
84.48
84.48
84.43
84.43
84.43
84.43
84.43
84.43
84.43
84.43
84.44
84.44
84.44
84.44
84.44
84.44
84.49
84.49
84.49
84.49
84.49
84.49
84.49
84.55
84.55
84.55
84.55
84.55
84.55
84.55
84.55
84.51
84.51
84.51
84.51
84.51
84.51
84.58
84.58
84.58
84.58
84.58
84.58
84.58
84.58
84.65
84.65
84.65
84.65
84.65
84.65
84.61
84.61
84.61
84.61
84.61
84.61
84.61
84.68
84.68
84.68
84.68
84.68
84.68
84.68
84.68
84.66
84.66
84.66
84.66
84.66
84.66
84.6
84.6
84.6
84.6
84.6
84.6
84.6
84.6
84.68
84.68
84.68
84.68
84.68
84.68
84.75
84.75
84.75
84.75
84.75
84.75
84.75
84.75
84.83
84.83
84.83
84.83
84.83
84.83
84.88
84.88
84.88
84.88
84.88
84.88
84.88
84.88
84.8
84.8
84.8
84.8
84.8
84.8
84.8
84.79
84.79
84.79
84.79
84.79
84.79
84.78
84.78
84.78
84.78
84.78
84.78
84.78
84.78
84.82
84.82
84.82
84.82
84.82
84.82
84.85
84.85
84.85
84.85
84.85
84.85
84.85
84.85
84.84
84.84
84.84
84.84
84.84
84.84
84.8
84.8
84.8
84.8
84.8
84.8
84.8
84.84
84.84
84.84
84.84
84.84
84.84
84.92
84.92
84.92
84.92
84.92
84.92
84.92
84.86
84.86
84.86
84.86
84.86
84.83
