143.906851901
143.438860899
143.438860899
143.438860899
143.438860899
143.438860899
143.438860899
143.16854553
142.699907462
142.699907462
142.699907462
142.699907462
142.699907462
142.699907462
143.635654587
143.635654587
143.635654587
143.635654587
143.635654587
143.635654587
143.906851901
143.906851901
143.906851901
143.906851901
143.906851901
143.906851901
143.906851901
144.373325902
144.373325902
144.64489054
144.64489054
144.64489054
144.64489054
144.64489054
144.915946291
144.915946291
144.915946291
144.915946291
144.915946291
144.915946291
144.915946291
144.64489054
144.177539106
144.177539106
144.177539106
144.177539106
144.177539106
144.177539106
144.447719069
145.382665523
145.382665523
145.382665523
145.382665523
145.382665523
145.382665523
145.654086577
145.186496007
145.186496007
145.186496007
145.186496007
145.186496007
145.186496007
145.186496007
145.186496007
145.186496007
145.186496007
145.186496007
145.186496007
145.186496007
144.915946291
144.447719069
144.447719069
144.447719069
144.447719069
144.447719069
144.447719069
143.977969146
143.977969146
143.977969146
143.977969146
143.977969146
143.977969146
143.977969146
143.977969146
143.977969146
143.977969146
143.977969146
143.977969146
143.977969146
143.977969146
143.977969146
143.977969146
143.977969146
143.977969146
143.977969146
143.977969146
143.977969146
143.033841132
143.033841132
142.766305735
142.766305735
142.766305735
142.766305735
142.766305735
142.49826806
142.49826806
142.49826806
142.49826806
142.49826806
142.49826806
142.49826806
143.438860899
143.438860899
143.708667819
143.708667819
143.708667819
143.708667819
143.708667819
143.708667819
143.238261752
143.238261752
143.238261752
143.238261752
143.238261752
143.238261752
143.506681566
143.977969146
143.977969146
143.977969146
143.977969146
143.977969146
143.977969146
144.246767712
144.717394632
144.717394632
144.717394632
144.717394632
144.717394632
144.717394632
144.717394632
144.717394632
144.717394632
144.717394632
144.717394632
144.717394632
144.717394632
144.246767712
143.977969146
143.977969146
143.977969146
143.977969146
143.977969146
143.977969146
143.977969146
143.506681566
143.506681566
143.506681566
143.506681566
143.506681566
143.506681566
143.506681566
143.238261752
143.238261752
143.238261752
143.238261752
143.238261752
143.506681566
143.506681566
143.506681566
143.506681566
143.506681566
143.506681566
143.506681566
143.506681566
143.506681566
143.506681566
143.506681566
143.506681566
143.506681566
143.506681566
143.774600266
144.246767712
144.246767712
144.246767712
144.246767712
144.246767712
144.246767712
144.246767712
144.246767712
144.246767712
144.246767712
144.246767712
144.246767712
144.246767712
144.515066324
144.515066324
144.515066324
144.515066324
144.515066324
144.515066324
144.515066324
144.246767712
144.246767712
144.246767712
144.246767712
144.246767712
144.246767712
144.246767712
143.774600266
143.774600266
143.774600266
143.774600266
143.774600266
143.774600266
143.774600266
143.774600266
143.774600266
143.774600266
143.774600266
143.774600266
143.774600266
143.774600266
143.774600266
143.774600266
143.774600266
143.774600266
143.774600266
143.774600266
144.246767712
144.246767712
144.515066324
144.515066324
144.515066324
144.515066324
144.515066324
144.515066324
144.515066324
144.515066324
144.515066324
144.515066324
144.515066324
144.515066324
144.246767712
143.774600266
143.774600266
143.774600266
143.774600266
143.774600266
143.774600266
142.825582633
142.825582633
142.559432392
142.559432392
142.559432392
142.559432392
142.559432392
142.559432392
142.559432392
142.559432392
142.559432392
142.559432392
142.559432392
142.559432392
143.506681566
143.506681566
143.506681566
143.506681566
143.506681566
143.506681566
143.506681566
143.506681566
143.033841132
143.033841132
143.033841132
143.033841132
143.033841132
143.033841132
142.766305735
142.292784345
142.292784345
142.292784345
142.292784345
142.292784345
142.292784345
142.025635687
142.025635687
142.025635687
142.025635687
142.025635687
142.025635687
142.025635687
142.025635687
142.025635687
142.025635687
142.025635687
142.025635687
142.025635687
142.025635687
141.551425229
141.551425229
141.551425229
141.551425229
141.551425229
141.551425229
141.551425229
141.551425229
141.551425229
141.551425229
141.551425229
141.551425229
141.551425229
141.551425229
141.284666796
141.284666796
141.284666796
141.284666796
141.284666796
141.284666796
141.284666796
141.757983588
141.757983588
141.757983588
141.757983588
141.757983588
141.757983588
141.757983588
141.757983588
141.757983588
141.757983588
141.757983588
141.757983588
141.757983588
141.757983588
141.284666796
141.284666796
141.284666796
141.284666796
141.284666796
141.284666796
141.284666796
141.551425229
142.025635687
142.025635687
142.025635687
142.025635687
142.025635687
142.025635687
142.025635687
142.025635687
142.025635687
142.025635687
142.025635687
142.025635687
142.025635687
141.757983588
141.284666796
141.284666796
141.284666796
141.284666796
141.284666796
141.284666796
141.551425229
142.025635687
142.025635687
142.025635687
142.025635687
142.025635687
142.025635687
142.292784345
142.766305735
142.766305735
142.766305735
142.766305735
142.766305735
142.766305735
143.033841132
143.033841132
143.033841132
143.033841132
143.033841132
143.033841132
143.033841132
143.033841132
143.033841132
143.033841132
143.033841132
143.033841132
143.033841132
143.033841132
143.033841132
143.033841132
143.033841132
143.033841132
143.033841132
143.033841132
143.033841132
143.033841132
143.033841132
142.766305735
142.766305735
142.766305735
142.766305735
142.766305735
142.766305735
142.766305735
142.766305735
142.766305735
142.766305735
142.766305735
142.766305735
143.033841132
143.033841132
143.033841132
143.033841132
143.033841132
143.033841132
143.033841132
143.033841132
143.506681566
143.506681566
143.506681566
143.506681566
143.506681566
143.506681566
143.506681566
143.033841132
143.033841132
143.033841132
143.033841132
143.033841132
143.033841132
142.559432392
142.559432392
142.559432392
142.559432392
142.559432392
142.559432392
142.559432392
143.033841132
143.033841132
143.033841132
143.033841132
143.033841132
143.033841132
143.506681566
143.506681566
143.774600266
143.774600266
143.774600266
143.774600266
143.774600266
142.825582633
142.825582633
142.559432392
142.559432392
