19.27
19.27
19.29
19.29
19.29
19.29
19.29
19.29
19.29
19.29
19.29
19.31
19.31
19.31
19.31
19.31
19.31
19.33
19.33
19.33
19.33
19.33
19.35
19.35
19.35
19.35
19.35
19.35
19.35
19.35
19.35
19.38
19.38
19.38
19.38
19.38
19.41
19.41
19.41
19.41
19.41
19.41
19.41
19.41
19.41
19.41
19.41
19.41
19.41
19.41
19.41
19.41
19.41
19.41
19.41
19.41
19.41
19.41
19.41
19.42
19.42
19.42
19.42
19.42
19.43
19.43
19.43
19.43
19.43
19.43
19.43
19.43
19.43
19.44
19.44
19.44
19.44
19.44
19.44
19.44
19.44
19.44
19.44
19.44
19.44
19.43
19.43
19.43
19.43
19.43
19.43
19.43
19.43
19.43
19.43
19.43
19.43
19.43
19.43
19.43
19.43
19.43
19.43
19.43
19.43
19.43
19.44
19.44
19.44
19.44
19.44
19.44
19.44
19.44
19.44
19.47
19.47
19.47
19.47
19.47
19.47
19.47
19.47
19.47
19.47
19.47
19.47
19.47
19.47
19.48
19.48
19.48
19.48
19.48
19.48
19.48
19.48
19.48
19.48
19.48
19.48
19.48
19.48
19.47
19.47
19.47
19.47
19.47
19.46
19.46
19.46
19.46
19.46
19.46
19.46
19.46
19.46
19.46
19.46
19.46
19.46
19.46
19.46
19.45
19.45
19.45
19.45
19.45
19.44
19.44
19.44
19.44
19.44
19.44
19.44
19.44
19.44
19.42
19.42
19.42
19.42
19.42
19.41
19.41
19.41
19.41
19.41
19.41
19.41
19.41
19.41
19.41
19.41
19.41
19.41
19.41
19.4
19.4
19.4
19.4
19.4
19.4
19.4
19.4
19.4
19.38
19.38
19.38
19.38
19.38
19.38
19.38
19.38
19.38
19.38
19.38
19.38
19.38
19.38
19.38
19.38
19.38
19.38
19.38
19.38
19.38
19.37
19.37
19.37
19.37
19.37
19.37
19.38
19.38
19.38
19.38
19.38
19.38
19.39
19.39
19.39
19.39
19.39
19.39
19.4
19.4
19.4
19.4
19.4
19.4
19.4
19.4
19.4
19.4
19.4
19.4
19.4
19.4
19.41
19.41
19.41
19.41
19.41
19.41
19.41
19.41
19.41
19.41
19.41
19.41
19.41
19.41
19.41
19.41
19.41
19.41
19.41
19.41
19.41
19.41
19.41
19.41
19.41
19.41
19.41
19.41
19.41
19.41
19.41
19.41
19.41
19.41
19.41
19.41
19.41
19.4
19.4
19.4
19.4
19.4
19.4
19.39
19.39
19.39
19.39
19.39
19.39
19.39
19.39
19.39
19.39
19.39
19.39
19.39
19.39
19.39
19.4
19.4
19.4
19.4
19.4
19.4
19.43
19.43
19.43
19.43
19.43
19.43
19.43
19.43
19.43
19.43
19.43
19.43
19.43
19.43
19.43
19.43
19.43
19.43
19.43
19.43
19.43
19.43
19.43
19.43
19.43
19.43
19.43
19.43
19.43
19.41
19.41
19.41
19.41
19.41
19.41
19.41
19.41
19.41
19.41
19.41
19.41
19.41
19.41
19.41
19.41
19.41
19.41
19.41
19.41
19.41
19.41
19.41
19.41
19.41
19.41
19.41
19.41
19.42
19.42
19.42
19.42
19.42
19.42
19.44
19.44
19.44
19.44
19.44
19.44
19.46
19.46
19.46
19.46
19.46
19.46
19.46
19.46
19.46
19.48
19.48
19.48
19.48
19.48
19.51
19.51
19.51
19.51
19.51
19.51
19.51
19.51
19.51
19.53
19.53
19.53
19.53
19.53
19.55
19.55
19.55
19.55
19.55
19.55
19.55
19.55
19.55
19.56
19.56
19.56
19.56
19.56
19.56
19.56
19.56
19.56
19.56
19.56
19.58
19.58
19.58
19.58
19.58
19.58
19.58
19.58
19.58
19.59
19.59
19.59
19.59
19.59
19.59
19.59
