16.35
16.35
16.37
16.37
16.37
16.37
16.37
16.37
16.37
16.39
16.39
16.39
16.39
16.39
16.39
16.39
16.39
16.39
16.39
16.39
16.39
16.39
16.39
16.4
16.4
16.4
16.4
16.4
16.4
16.4
16.4
16.4
16.4
16.4
16.4
16.4
16.4
16.39
16.39
16.39
16.39
16.39
16.39
16.39
16.39
16.39
16.39
16.39
16.39
16.39
16.39
16.38
16.38
16.38
16.38
16.38
16.39
16.39
16.39
16.39
16.39
16.39
16.39
16.41
16.41
16.41
16.41
16.41
16.41
16.41
16.41
16.41
16.41
16.41
16.41
16.41
16.41
16.42
16.42
16.42
16.42
16.42
16.42
16.42
16.42
16.42
16.43
16.43
16.43
16.43
16.43
16.42
16.42
16.42
16.42
16.42
16.42
16.42
16.42
16.42
16.5
16.5
16.5
16.5
16.5
16.53
16.53
16.53
16.53
16.53
16.53
16.53
16.53
16.53
16.54
16.54
16.54
16.54
16.54
16.54
16.52
16.52
16.52
16.52
16.52
16.52
16.52
16.52
16.52
16.52
16.52
16.52
16.54
16.54
16.54
16.54
16.54
16.54
16.54
16.54
16.54
16.55
16.55
16.55
16.55
16.55
16.55
16.52
16.52
16.52
16.52
16.52
16.52
16.52
16.52
16.52
16.52
16.52
16.52
16.52
16.52
16.52
16.52
16.52
16.52
16.52
16.52
16.52
16.53
16.53
16.53
16.53
16.53
16.53
16.55
16.55
16.55
16.55
16.55
16.55
16.55
16.55
16.55
16.57
16.57
16.57
16.57
16.57
16.6
16.6
16.6
16.6
16.6
16.6
16.6
16.6
16.58
16.58
16.58
16.58
16.58
16.56
16.56
16.56
16.56
16.56
16.56
16.56
16.56
16.56
16.55
16.55
16.55
16.55
16.55
16.54
16.54
16.54
16.54
16.54
16.54
16.54
16.54
16.54
16.55
16.55
16.55
16.55
16.55
16.55
16.56
16.56
16.56
16.56
16.56
16.56
16.57
16.57
16.57
16.57
16.57
16.57
16.57
16.57
16.57
16.58
16.58
16.58
16.58
16.58
16.57
16.57
16.57
16.57
16.57
16.57
16.57
16.57
16.57
16.61
16.61
16.61
16.61
16.62
16.62
16.62
16.62
16.62
16.62
16.62
16.62
16.62
16.61
16.61
16.61
16.61
16.61
16.62
16.62
16.62
16.62
16.62
16.62
16.62
16.62
16.62
16.63
16.63
16.63
16.63
16.63
16.63
16.63
16.63
16.63
16.63
16.63
16.63
16.62
16.62
16.62
16.62
16.62
16.62
16.62
16.62
16.62
16.62
16.62
16.62
16.62
16.62
16.62
16.62
16.62
16.62
16.62
16.62
16.62
16.62
16.62
16.63
16.63
16.63
16.63
16.63
16.66
16.66
16.66
16.66
16.66
16.66
16.66
16.66
16.66
16.67
16.67
16.67
16.67
16.67
16.68
