134.208451319
134.208451319
134.208451319
134.208451319
134.208451319
135.535090993
135.535090993
135.822463303
135.822463303
135.822463303
135.822463303
135.822463303
135.535090993
134.208451319
134.208451319
134.208451319
134.208451319
134.208451319
134.208451319
132.868566338
132.868566338
132.303329711
132.303329711
132.303329711
132.303329711
132.303329711
132.019803913
131.124744075
131.124744075
131.124744075
131.124744075
131.124744075
131.124744075
131.967752111
133.763314268
133.763314268
133.763314268
133.763314268
133.763314268
133.763314268
134.612368618
136.837517191
136.837517191
136.837517191
136.837517191
136.837517191
136.837517191
137.409898377
138.733298726
138.733298726
138.733298726
138.733298726
138.733298726
138.733298726
138.293572426
138.867244964
138.867244964
138.867244964
138.867244964
138.867244964
138.867244964
139.438557402
141.203672697
141.203672697
141.203672697
141.203672697
141.203672697
141.203672697
140.323890471
140.323890471
140.323890471
140.323890471
140.323890471
140.323890471
140.323890471
140.61047885
140.1676101
140.1676101
140.1676101
140.1676101
140.1676101
140.1676101
140.61047885
140.61047885
140.61047885
140.61047885
140.61047885
140.61047885
140.61047885
140.61047885
139.723337635
139.723337635
139.723337635
139.723337635
139.723337635
139.723337635
140.007538629
140.896484313
140.896484313
140.896484313
140.896484313
140.896484313
140.896484313
140.896484313
140.896484313
140.896484313
140.896484313
140.896484313
140.896484313
140.896484313
140.61047885
140.1676101
140.1676101
140.1676101
140.1676101
140.1676101
140.1676101
139.723337635
139.723337635
139.438557402
139.438557402
139.438557402
139.438557402
139.438557402
138.993776182
138.993776182
138.993776182
138.993776182
138.993776182
138.993776182
138.709323407
138.26402748
138.26402748
138.26402748
138.26402748
137.817292782
137.817292782
137.817292782
137.534088548
137.534088548
137.534088548
137.534088548
137.534088548
137.534088548
137.086822035
137.086822035
136.520504576
136.520504576
136.520504576
136.073627749
136.073627749
136.073627749
136.073627749
136.073627749
136.073627749
136.073627749
136.073627749
136.073627749
135.790516016
135.34309959
135.34309959
135.34309959
135.34309959
135.34309959
135.34309959
135.790516016
135.790516016
136.356151682
136.356151682
136.356151682
136.356151682
136.356151682
136.356151682
136.803956341
136.803956341
136.803956341
136.803956341
136.803956341
136.803956341
137.250299962
137.250299962
137.534088548
137.534088548
137.534088548
137.534088548
137.534088548
138.381962538
139.723337635
139.723337635
139.723337635
139.723337635
139.723337635
139.723337635
140.61047885
140.61047885
140.61047885
140.61047885
140.61047885
140.61047885
140.323890471
138.547567081
138.547567081
138.547567081
138.547567081
138.547567081
138.547567081
138.547567081
138.547567081
138.547567081
138.547567081
138.547567081
138.547567081
138.547567081
138.830527613
139.723337635
139.723337635
139.723337635
139.723337635
139.723337635
139.723337635
139.438557402
138.547567081
138.547567081
138.547567081
138.547567081
138.547567081
138.547567081
139.881924363
139.881924363
140.1676101
140.1676101
140.1676101
140.1676101
140.1676101
140.452714756
139.560942472
139.560942472
139.560942472
139.560942472
139.560942472
139.560942472
140.007538629
140.007538629
140.291163907
140.291163907
140.291163907
140.291163907
140.291163907
140.291163907
140.291163907
140.291163907
140.291163907
140.291163907
140.291163907
140.291163907
140.007538629
139.112912608
139.112912608
139.112912608
139.112912608
139.112912608
139.394725565
140.737241865
140.737241865
140.737241865
140.737241865
140.737241865
140.737241865
140.737241865
140.291163907
140.291163907
140.291163907
140.291163907
140.291163907
140.291163907
140.291163907
140.291163907
140.291163907
140.291163907
140.291163907
140.291163907
140.291163907
139.723337635
138.830527613
138.830527613
138.830527613
138.830527613
138.830527613
138.830527613
139.277648022
139.277648022
139.560942472
139.560942472
139.560942472
139.560942472
139.560942472
139.277648022
138.830527613
138.830527613
138.830527613
138.830527613
138.830527613
138.830527613
138.830527613
138.830527613
138.830527613
138.830527613
138.830527613
138.830527613
138.830527613
138.26402748
136.919450698
136.919450698
136.919450698
136.919450698
136.919450698
136.919450698
136.356151682
135.456101241
135.456101241
135.456101241
135.456101241
135.456101241
135.456101241
135.175442172
135.175442172
135.175442172
135.175442172
135.175442172
135.175442172
135.175442172
134.894199184
134.443799933
134.443799933
134.443799933
134.443799933
134.443799933
134.443799933
134.724103877
134.271248465
134.271248465
