77.19
77.19
77.19
77.52
77.52
77.52
77.52
77.52
77.52
77.52
77.52
77.56
77.56
77.56
77.56
77.56
77.56
77.56
78.53
78.53
78.53
78.53
78.53
78.53
79.68
79.68
79.68
79.68
79.68
79.68
79.68
79.68
81.0
81.0
81.0
81.0
81.0
81.0
82.2
82.2
82.2
82.2
82.2
82.2
82.2
82.2
82.94
82.94
82.94
82.94
82.94
82.94
83.25
83.25
83.25
83.25
83.25
83.25
83.25
83.25
83.69
83.69
83.69
83.69
83.69
83.69
83.87
83.87
83.87
83.87
83.87
83.87
83.87
83.87
84.07
84.07
84.07
84.07
84.07
84.07
84.07
84.38
84.38
84.38
84.38
84.38
84.38
84.44
84.44
84.44
84.44
84.44
84.44
84.44
84.44
84.54
84.54
84.54
84.54
84.54
84.54
84.6
84.6
84.6
84.6
84.6
84.6
84.6
84.6
84.71
84.71
84.71
84.71
84.71
84.71
84.66
84.66
84.66
84.66
84.66
84.66
84.66
84.71
84.71
84.71
84.71
84.71
84.71
84.71
84.77
84.77
84.77
84.77
84.77
84.77
84.77
84.78
84.78
84.78
84.78
84.78
84.78
84.73
84.73
84.73
84.73
84.73
84.73
84.73
84.73
84.69
84.69
84.69
84.69
84.69
84.69
84.69
84.79
84.79
84.79
84.79
84.79
84.79
84.89
84.89
84.89
84.89
84.89
84.89
84.89
84.89
85.13
85.13
85.13
85.13
85.13
85.13
85.13
85.2
85.2
85.2
85.2
85.2
85.2
85.29
85.29
85.29
85.29
85.29
85.29
85.29
85.39
85.39
85.39
85.39
85.39
85.39
85.22
85.22
85.22
85.22
85.22
85.22
85.22
85.22
85.21
85.21
85.21
85.21
85.21
85.21
85.32
85.32
85.32
85.32
85.32
85.32
85.32
85.32
85.28
85.28
85.28
85.28
85.28
85.28
85.33
85.33
85.33
85.33
85.33
85.33
85.33
85.33
85.31
85.31
85.31
85.31
85.31
85.31
85.34
85.34
85.34
85.34
85.34
85.34
85.34
85.35
85.35
85.35
85.35
85.35
85.35
85.35
85.35
85.21
85.21
85.21
85.21
85.21
85.21
85.27
85.27
85.27
85.27
85.27
85.27
85.27
85.27
85.27
85.27
85.27
85.27
85.27
85.28
85.28
85.28
85.28
85.28
85.28
85.28
85.28
85.23
85.23
85.23
85.23
85.23
85.23
85.19
85.19
85.19
85.19
85.19
85.19
85.19
85.19
85.23
85.23
85.23
85.23
85.23
85.23
85.23
85.24
85.24
85.24
85.24
85.24
85.24
85.27
85.27
85.27
85.27
85.27
85.27
85.27
85.27
85.34
85.34
85.34
85.34
85.34
85.34
85.36
85.36
85.36
85.36
85.36
85.36
85.36
85.36
85.36
85.36
85.36
85.36
85.36
85.36
85.16
85.16
85.16
85.16
85.16
