79.0
79.04
79.04
79.04
79.04
79.04
79.04
79.09
79.09
79.09
79.09
79.09
79.09
79.09
79.09
79.0
79.0
79.0
79.0
79.0
79.0
79.0
78.74
78.74
78.74
78.74
78.74
78.74
78.3
78.3
78.3
78.3
78.3
78.3
78.3
78.3
77.69
77.69
77.69
77.69
77.69
77.69
77.69
76.95
76.95
76.95
76.95
76.95
76.95
76.06
76.06
76.06
76.06
76.06
76.06
76.06
75.09
75.09
75.09
75.09
75.09
75.09
74.07
74.07
74.07
74.07
74.07
74.07
74.07
74.07
72.98
72.98
72.98
72.98
72.98
72.98
71.89
71.89
71.89
71.89
71.89
71.89
71.89
71.89
71.89
70.73
70.73
70.73
70.73
70.73
70.73
69.55
69.55
69.55
69.55
69.55
69.55
68.32
68.32
68.32
68.32
68.32
68.32
68.32
67.1
67.1
67.1
67.1
67.1
67.1
67.1
67.1
65.91
65.91
65.91
65.91
65.91
65.91
64.67
64.67
64.67
64.67
64.67
63.49
63.49
63.49
63.49
63.49
63.49
63.49
63.49
63.49
62.3
62.3
62.3
62.3
62.3
62.3
61.14
61.14
61.14
61.14
61.14
61.14
61.14
61.14
60.0
60.0
60.0
60.0
60.0
60.0
60.0
58.9
58.9
58.9
58.9
58.9
58.9
58.9
57.8
57.8
57.8
57.8
57.8
57.8
56.68
56.68
56.68
56.68
56.68
56.68
56.68
56.68
55.7
55.7
55.7
55.7
55.7
55.7
54.68
54.68
54.68
54.68
54.68
54.68
54.68
54.68
53.64
53.64
53.64
53.64
53.64
53.64
52.57
52.57
52.57
52.57
52.57
52.57
51.59
51.59
51.59
51.59
51.59
51.59
51.59
51.59
51.59
50.64
50.64
50.64
50.64
50.64
50.64
49.72
49.72
49.72
49.72
49.72
49.72
49.72
49.72
48.78
48.78
48.78
48.78
48.78
48.78
47.9
47.9
47.9
47.9
47.9
47.9
47.9
47.03
47.03
47.03
47.03
47.03
47.03
47.03
47.03
46.21
46.21
46.21
46.21
46.21
46.21
45.42
45.42
45.42
45.42
45.42
45.42
45.42
44.68
44.68
44.68
44.68
44.68
44.68
43.94
43.94
43.94
43.94
43.94
43.94
43.94
43.94
43.18
43.18
43.18
43.18
43.18
43.18
43.18
42.38
42.38
42.38
42.38
42.38
42.38
41.63
41.63
41.63
41.63
41.63
41.63
41.63
41.63
40.96
40.96
40.96
40.96
40.96
40.96
40.3
40.3
40.3
40.3
40.3
40.3
40.3
40.3
39.67
39.67
39.67
39.67
39.67
39.67
39.67
39.04
39.04
39.04
39.04
39.04
39.04
39.04
38.42
38.42
38.42
38.42
38.42
38.42
37.84
37.84
37.84
37.84
37.84
37.84
37.84
37.29
37.29
37.29
37.29
37.29
37.29
36.77
36.77
36.77
36.77
36.77
36.77
36.77
36.77
36.24
36.24
36.24
36.24
36.24
36.24
35.73
35.73
35.73
35.73
35.73
35.73
35.73
35.73
35.73
35.73
35.17
35.17
35.17
35.17
35.17
34.63
34.63
34.63
34.63
34.63
34.63
34.19
34.19
34.19
34.19
34.19
34.19
34.19
34.19
33.71
33.71
33.71
33.71
33.71
33.71
33.25
33.25
33.25
33.25
33.25
33.25
33.25
32.75
32.75
32.75
32.75
32.75
32.75
32.75
32.75
32.38
32.38
32.38
32.38
32.38
32.38
32.02
32.02
32.02
32.02
32.02
32.02
32.02
32.02
31.65
31.65
31.65
31.65
31.65
31.65
30.6
30.6
