19.39
19.39
19.39
19.39
19.39
19.39
19.39
19.39
19.39
19.39
19.39
19.39
19.39
19.39
19.39
19.39
19.39
19.39
19.39
19.39
19.39
19.39
19.39
19.39
19.39
19.39
19.39
19.39
19.39
19.39
19.39
19.39
19.39
19.4
19.4
19.4
19.4
19.4
19.4
19.42
19.42
19.42
19.42
19.42
19.42
19.42
19.42
19.42
19.43
19.43
19.43
19.43
19.43
19.43
19.43
19.43
19.43
19.43
19.43
19.43
19.43
19.44
19.44
19.44
19.44
19.44
19.45
19.45
19.45
19.45
19.45
19.45
19.45
19.45
19.45
19.47
19.47
19.47
19.47
19.47
19.49
19.49
19.49
19.49
19.49
19.49
19.49
19.51
19.51
19.51
19.51
19.51
19.51
19.51
19.51
19.51
19.51
19.51
19.51
19.51
19.51
19.51
19.51
19.51
19.51
19.51
19.51
19.51
19.5
19.5
19.5
19.5
19.5
19.5
19.5
19.5
19.5
19.49
19.49
19.49
19.49
19.49
19.49
19.49
19.49
19.49
19.49
19.49
19.49
19.49
19.49
19.49
19.49
19.49
19.49
19.5
19.5
19.5
19.5
19.5
19.5
19.5
19.5
19.5
19.5
19.5
19.5
19.5
19.5
19.5
19.49
19.49
19.49
19.49
19.49
19.49
19.49
19.49
19.49
19.49
19.49
19.49
19.49
19.49
19.49
19.51
19.51
19.51
19.51
19.51
19.54
19.54
19.54
19.54
19.54
19.54
19.54
19.54
19.54
19.54
19.54
19.54
19.54
19.54
19.54
19.54
19.54
19.54
19.54
19.54
19.54
19.54
19.54
19.54
19.54
19.54
19.54
19.54
19.54
19.54
19.54
19.54
19.54
19.54
19.54
19.55
19.55
19.55
19.55
19.55
19.55
19.55
19.55
19.55
19.57
19.57
19.57
19.57
19.57
19.57
19.58
19.58
19.58
19.58
19.58
19.58
19.59
19.59
19.59
19.59
19.59
19.59
19.59
19.59
19.59
19.6
19.6
19.6
19.6
19.6
19.6
19.6
19.6
19.6
19.6
19.6
19.6
19.6
19.6
19.58
19.58
19.58
19.58
19.58
19.56
19.56
19.56
19.56
19.56
19.56
19.56
19.56
19.54
19.54
19.54
19.54
19.54
19.51
19.51
19.51
19.51
19.51
19.51
19.51
19.51
19.51
19.49
19.49
19.49
19.49
19.49
19.49
19.49
19.47
19.47
19.47
19.47
19.47
19.46
19.46
19.46
19.46
19.46
19.46
19.46
19.44
19.44
19.44
19.44
19.44
19.44
19.44
19.44
19.44
19.41
19.41
19.41
19.41
19.41
19.39
19.39
19.39
19.39
19.39
19.39
19.39
19.39
19.38
19.38
19.38
19.38
19.38
19.38
19.38
19.38
19.37
19.37
19.37
19.37
19.36
19.36
19.36
19.36
19.36
19.36
19.36
19.36
19.36
19.37
19.37
19.37
19.37
19.37
19.38
19.38
19.38
19.38
19.38
19.38
19.38
19.38
19.38
19.39
19.39
19.39
19.39
19.39
19.41
19.41
19.41
19.41
19.41
19.41
19.41
19.44
19.44
19.44
19.44
19.44
19.44
19.44
19.44
19.44
19.47
19.47
19.47
19.47
19.47
19.47
19.5
19.5
19.5
19.5
19.5
19.5
19.5
19.5
19.5
19.5
19.5
19.5
19.5
19.5
19.5
19.49
19.49
19.49
19.49
19.49
19.45
19.45
19.45
19.45
19.45
19.45
19.45
19.45
19.45
19.42
19.42
19.42
19.42
19.42
19.4
19.4
19.4
19.4
19.4
19.4
19.4
19.4
19.4
19.4
19.4
19.4
