155.725400075
155.725400075
155.725400075
155.947981316
155.947981316
155.947981316
155.947981316
155.947981316
155.947981316
156.516099705
156.739173426
156.739173426
156.739173426
156.739173426
156.739173426
156.739173426
156.739173426
156.739173426
156.739173426
156.739173426
156.739173426
156.739173426
156.739173426
156.739173426
156.739173426
156.739173426
156.739173426
156.739173426
156.739173426
156.739173426
156.739173426
156.739173426
156.739173426
156.739173426
156.739173426
156.739173426
156.739173426
156.739173426
156.739173426
156.739173426
156.739173426
156.739173426
156.739173426
156.739173426
157.306043896
157.306043896
157.306043896
157.306043896
157.306043896
157.306043896
157.306043896
156.739173426
156.739173426
156.739173426
156.739173426
156.739173426
156.739173426
156.739173426
156.739173426
156.739173426
156.739173426
156.739173426
156.739173426
156.739173426
156.516099705
156.516099705
156.516099705
156.516099705
156.516099705
156.516099705
156.516099705
156.516099705
156.516099705
156.516099705
156.516099705
156.516099705
156.516099705
156.516099705
156.739173426
157.306043896
157.306043896
157.306043896
157.306043896
157.306043896
157.306043896
157.306043896
157.306043896
157.306043896
157.306043896
157.306043896
157.306043896
157.306043896
157.306043896
157.306043896
157.306043896
157.306043896
157.306043896
157.306043896
157.306043896
157.306043896
157.082163397
157.082163397
157.082163397
157.082163397
157.082163397
157.082163397
157.082163397
157.082163397
157.082163397
157.082163397
157.082163397
157.082163397
157.082163397
157.082163397
157.082163397
157.082163397
157.082163397
157.082163397
157.082163397
157.082163397
157.082163397
156.857963361
156.857963361
156.857963361
156.857963361
156.857963361
156.857963361
156.857963361
156.857963361
156.857963361
156.857963361
156.857963361
156.857963361
156.857963361
156.857963361
156.857963361
156.857963361
156.857963361
156.857963361
156.857963361
156.857963361
156.857963361
156.633442417
156.633442417
156.633442417
156.633442417
156.633442417
156.633442417
156.633442417
156.633442417
156.633442417
156.633442417
156.633442417
156.633442417
156.633442417
156.633442417
156.633442417
156.633442417
156.633442417
156.633442417
156.633442417
157.195862332
157.195862332
157.195862332
157.195862332
157.195862332
157.195862332
157.195862332
157.195862332
157.195862332
157.195862332
157.195862332
157.195862332
157.195862332
157.195862332
157.421189458
158.54163911
158.54163911
158.54163911
158.54163911
158.54163911
158.54163911
158.768245655
159.326307993
159.326307993
159.326307993
159.326307993
159.326307993
159.326307993
159.326307993
159.326307993
159.326307993
159.326307993
159.326307993
159.326307993
159.326307993
159.553386947
160.110294005
160.110294005
160.110294005
160.110294005
160.110294005
160.110294005
160.110294005
160.110294005
160.110294005
160.110294005
160.110294005
160.110294005
160.110294005
160.110294005
160.110294005
160.110294005
160.110294005
160.110294005
160.110294005
160.110294005
160.665270692
160.665270692
160.665270692
160.665270692
160.665270692
160.665270692
160.665270692
160.665270692
160.665270692
160.665270692
160.665270692
160.665270692
160.665270692
160.665270692
161.218336943
161.218336943
161.218336943
161.218336943
161.218336943
161.218336943
161.218336943
161.218336943
161.769512352
161.769512352
161.769512352
161.769512352
161.769512352
161.769512352
162.318816182
162.318816182
162.318816182
162.318816182
162.318816182
162.318816182
162.318816182
162.318816182
162.318816182
162.318816182
162.318816182
162.318816182
162.318816182
162.549502626
163.097731848
163.097731848
163.097731848
163.097731848
163.097731848
163.097731848
163.097731848
163.64412444
163.64412444
163.64412444
163.64412444
163.64412444
163.64412444
163.64412444
163.64412444
163.64412444
163.64412444
163.64412444
163.64412444
163.64412444
163.64412444
163.64412444
163.64412444
163.64412444
163.64412444
163.64412444
163.64412444
163.64412444
163.64412444
163.64412444
163.64412444
163.64412444
163.64412444
163.64412444
163.64412444
164.188698738
164.188698738
164.188698738
164.188698738
164.188698738
164.188698738
164.188698738
164.188698738
164.188698738
164.188698738
164.188698738
164.188698738
164.188698738
164.188698738
165.272464291
165.272464291
165.272464291
165.272464291
165.272464291
165.272464291
164.731472777
164.731472777
164.731472777
164.731472777
164.731472777
164.497689731
164.497689731
164.497689731
164.497689731
164.497689731
164.497689731
164.497689731
164.497689731
164.497689731
165.037913483
165.037913483
165.037913483
165.037913483
165.037913483
165.037913483
165.037913483
165.037913483
165.037913483
165.037913483
165.037913483
165.037913483
165.037913483
165.037913483
165.576374664
165.576374664
165.576374664
165.576374664
165.576374664
165.576374664
165.576374664
166.113090414
166.113090414
166.113090414
166.113090414
166.113090414
166.113090414
166.648077598
166.884916761
166.884916761
166.884916761
166.884916761
166.884916761
166.884916761
166.884916761
166.884916761
166.884916761
166.884916761
166.884916761
166.884916761
166.884916761
166.884916761
166.884916761
166.884916761
166.884916761
166.884916761
166.884916761
166.884916761
166.884916761
166.884916761
166.884916761
166.884916761
166.884916761
166.884916761
166.884916761
166.648077598
166.648077598
166.648077598
166.648077598
166.648077598
166.648077598
166.648077598
167.181352809
167.181352809
167.181352809
167.181352809
167.181352809
167.181352809
167.181352809
167.181352809
167.181352809
167.181352809
167.181352809
167.181352809
167.181352809
167.181352809
167.181352809
167.712932379
167.712932379
167.712932379
167.712932379
167.712932379
167.712932379
167.951284906
167.951284906
167.951284906
167.951284906
167.951284906
167.951284906
167.951284906
166.275642319
165.219913282
165.219913282
165.219913282
165.219913282
165.219913282
165.219913282
