70.7
70.7
70.7
70.7
70.7
69.75
69.75
69.75
69.75
69.75
69.75
68.82
68.82
68.82
68.82
68.82
68.82
68.82
68.82
67.97
67.97
67.97
67.97
67.97
67.97
67.97
67.03
67.03
67.03
67.03
67.03
67.03
65.98
65.98
65.98
65.98
65.98
65.98
65.98
65.98
64.83
64.83
64.83
64.83
64.83
64.83
63.61
63.61
63.61
63.61
63.61
63.61
63.61
63.61
62.35
62.35
62.35
62.35
62.35
62.35
61.08
61.08
61.08
61.08
61.08
61.08
61.08
61.08
59.88
59.88
59.88
59.88
59.88
59.88
58.69
58.69
58.69
58.69
58.69
58.69
58.69
57.58
57.58
57.58
57.58
57.58
57.58
57.58
56.43
56.43
56.43
56.43
56.43
56.43
55.44
55.44
55.44
55.44
55.44
55.44
55.44
55.44
54.33
54.33
54.33
54.33
54.33
54.33
53.24
53.24
53.24
53.24
53.24
53.24
52.09
52.09
52.09
52.09
52.09
52.09
52.09
52.09
52.09
50.92
50.92
50.92
50.92
50.92
50.92
49.74
49.74
49.74
49.74
49.74
49.74
49.74
48.64
48.64
48.64
48.64
48.64
48.64
48.64
48.64
48.64
48.64
47.55
47.55
47.55
47.55
47.55
46.55
46.55
46.55
46.55
46.55
46.55
45.66
45.66
45.66
45.66
45.66
45.66
44.77
44.77
44.77
44.77
44.77
44.77
44.77
44.77
43.85
43.85
43.85
43.85
43.85
43.85
42.94
42.94
42.94
42.94
42.94
42.94
42.94
42.94
42.16
42.16
42.16
42.16
42.16
42.16
42.16
41.42
41.42
41.42
41.42
41.42
41.42
40.91
40.91
40.91
40.91
40.91
40.91
40.91
40.91
40.13
40.13
40.13
40.13
40.13
40.13
39.28
39.28
39.28
39.28
39.28
39.28
39.28
39.28
38.53
38.53
38.53
38.53
38.53
38.53
37.67
37.67
37.67
37.67
37.67
37.67
37.67
36.9
36.9
36.9
36.9
36.9
36.9
36.14
36.14
36.14
36.14
36.14
36.14
36.14
35.44
35.44
35.44
35.44
35.44
35.44
35.44
35.44
34.74
34.74
34.74
34.74
34.74
34.74
34.04
34.04
34.04
34.04
34.04
34.04
34.04
34.04
33.38
33.38
33.38
33.38
33.38
33.38
32.82
32.82
32.82
32.82
32.82
32.82
32.82
32.82
32.29
32.29
32.29
32.29
32.29
32.29
31.72
31.72
31.72
31.72
31.72
31.72
31.72
31.13
31.13
31.13
31.13
31.13
30.63
30.63
30.63
30.63
30.63
30.63
30.63
30.14
30.14
30.14
30.14
30.14
30.14
30.14
30.14
29.65
29.65
29.65
29.65
29.65
29.65
29.65
29.65
29.17
29.17
29.17
29.17
29.17
29.17
29.17
28.72
28.72
28.72
28.72
28.72
28.72
28.72
28.24
28.24
28.24
28.24
28.24
28.24
27.87
27.87
27.87
27.87
27.87
27.87
27.87
27.87
27.51
27.51
27.51
