162.811802883
162.811802883
162.811802883
162.811802883
162.811802883
162.811802883
160.710917409
160.710917409
159.990919939
159.990919939
159.990919939
159.990919939
159.990919939
159.750199673
159.750199673
159.750199673
159.750199673
159.750199673
159.750199673
159.750199673
159.750199673
159.750199673
159.750199673
160.274832282
160.274832282
160.274832282
160.274832282
160.757491081
161.804782229
161.804782229
161.804782229
161.804782229
161.804782229
161.804782229
162.047137683
162.569029977
162.569029977
162.569029977
162.569029977
162.569029977
162.569029977
162.811802883
163.852144477
163.852144477
163.852144477
163.852144477
163.852144477
163.852144477
163.852144477
163.332801984
163.332801984
163.332801984
163.332801984
163.332801984
163.332801984
163.089252202
162.569029977
162.569029977
162.569029977
162.569029977
162.569029977
162.569029977
162.047137683
162.047137683
162.047137683
162.047137683
162.047137683
162.047137683
162.047137683
161.804782229
161.804782229
161.804782229
161.804782229
161.804782229
161.804782229
161.804782229
161.281986736
161.281986736
161.040051966
161.040051966
161.040051966
161.040051966
161.040051966
161.040051966
161.562063228
161.562063228
161.562063228
161.562063228
161.562063228
161.31897904
160.79775319
160.79775319
160.79775319
160.79775319
160.79775319
160.79775319
161.523559133
164.124749921
164.124749921
164.124749921
164.124749921
164.124749921
164.124749921
164.614577289
165.131421818
165.131421818
165.131421818
165.131421818
165.131421818
165.131421818
165.865740499
166.899181903
166.899181903
166.899181903
166.899181903
166.899181903
166.899181903
167.144754017
167.144754017
167.144754017
167.144754017
167.144754017
167.144754017
167.144754017
167.144754017
167.659839226
167.659839226
167.659839226
167.659839226
167.659839226
167.659839226
166.62807657
166.62807657
166.62807657
166.62807657
166.383263568
166.383263568
166.383263568
165.865740499
165.621329353
165.621329353
165.621329353
165.621329353
165.621329353
165.131421818
164.096104892
164.096104892
164.096104892
164.096104892
164.096104892
164.096104892
164.096104892
163.852144477
163.332801984
163.332801984
163.332801984
163.332801984
163.332801984
163.852144477
163.852144477
163.607820291
163.607820291
163.607820291
163.607820291
163.607820291
163.089252202
162.845338176
162.845338176
162.845338176
162.845338176
162.845338176
162.845338176
162.111394173
160.555088758
160.555088758
160.555088758
160.555088758
160.555088758
160.555088758
159.509116133
159.509116133
159.267667671
159.267667671
159.267667671
159.267667671
159.267667671
158.541116063
158.018738643
158.018738643
158.018738643
158.018738643
158.018738643
158.018738643
161.127601869
161.127601869
162.356410819
162.356410819
162.356410819
162.356410819
162.356410819
163.332801984
165.913258763
165.913258763
165.913258763
165.913258763
165.913258763
165.913258763
166.65324793
167.678816059
167.678816059
167.678816059
167.678816059
167.678816059
167.678816059
168.912428308
169.939261038
169.939261038
169.939261038
169.939261038
169.939261038
169.939261038
170.43317507
171.456806947
171.456806947
171.456806947
171.456806947
171.456806947
171.966337957
171.966337957
172.711177438
172.711177438
172.711177438
172.711177438
172.711177438
173.205957656
173.205957656
173.205957656
173.205957656
173.205957656
173.205957656
173.205957656
173.717645499
173.717645499
173.717645499
173.717645499
173.717645499
173.717645499
173.717645499
173.965235629
173.965235629
173.965235629
173.965235629
173.965235629
173.965235629
173.965235629
173.717645499
173.717645499
173.717645499
173.717645499
173.717645499
173.717645499
173.717645499
173.469701993
172.958744471
172.958744471
172.958744471
172.958744471
172.958744471
172.958744471
172.711177438
172.199439491
172.199439491
172.199439491
172.199439491
172.199439491
172.199439491
171.952251673
172.463255033
172.463255033
172.463255033
172.463255033
172.463255033
172.463255033
172.711177438
174.237373617
174.237373617
174.237373617
174.237373617
174.237373617
174.237373617
173.730131278
173.730131278
173.480746191
173.480746191
173.480746191
173.480746191
173.730131278
174.237373617
174.237373617
174.237373617
174.237373617
174.237373617
174.237373617
174.237373617
173.730131278
173.730131278
173.730131278
173.730131278
173.730131278
173.730131278
173.480746191
173.480746191
173.480746191
173.480746191
173.480746191
173.480746191
173.480746191
173.480746191
173.480746191
173.231002092
173.231002092
173.231002092
173.231002092
173.231002092
173.231002092
173.231002092
173.231002092
173.231002092
173.231002092
173.231002092
173.231002092
172.730430625
172.224630328
172.224630328
172.224630328
172.224630328
172.224630328
172.224630328
171.717340183
171.717340183
171.467980831
171.467980831
171.467980831
171.467980831
171.467980831
171.717340183
171.717340183
171.717340183
171.717340183
171.717340183
171.717340183
171.717340183
171.717340183
172.224630328
