176.002240363
176.002240363
176.002240363
176.002240363
177.005110249
177.005110249
177.005110249
177.005110249
177.005110249
177.005110249
177.005110249
178.498850742
178.498850742
178.498850742
178.498850742
178.498850742
178.498850742
178.243353796
179.230859158
179.230859158
179.230859158
179.230859158
179.230859158
179.230859158
179.722577117
179.722577117
179.722577117
179.722577117
179.722577117
179.722577117
179.722577117
180.212953409
180.212953409
180.212953409
180.212953409
180.212953409
180.212953409
180.212953409
180.701998958
180.701998958
180.701998958
180.701998958
180.701998958
180.701998958
180.212953409
180.212953409
180.212953409
180.212953409
180.471273611
180.471273611
180.471273611
180.729224595
183.168325794
183.168325794
183.168325794
183.168325794
183.168325794
183.168325794
183.429385455
183.91400819
183.91400819
183.91400819
183.91400819
183.91400819
183.91400819
183.91400819
183.429385455
183.429385455
183.429385455
183.429385455
183.429385455
183.429385455
183.429385455
182.943478945
182.943478945
182.943478945
182.943478945
182.943478945
182.943478945
182.42237111
181.44944486
181.44944486
181.44944486
181.44944486
181.44944486
181.44944486
181.44944486
181.44944486
181.44944486
181.44944486
181.44944486
181.93655834
181.93655834
181.93655834
181.93655834
181.93655834
181.93655834
181.93655834
181.93655834
181.93655834
181.93655834
181.93655834
181.93655834
181.93655834
181.93655834
181.93655834
181.415349405
180.442605936
180.442605936
180.442605936
180.442605936
180.442605936
180.442605936
179.9542624
179.9542624
179.695198981
179.695198981
179.695198981
179.695198981
179.695198981
179.43576154
178.94750006
178.94750006
178.94750006
178.94750006
178.94750006
178.94750006
179.206231547
179.695198981
179.695198981
179.695198981
179.695198981
179.695198981
179.695198981
179.695198981
179.695198981
179.695198981
179.695198981
179.695198981
179.695198981
179.695198981
179.175948453
178.199505497
178.199505497
178.199505497
178.199505497
178.199505497
178.199505497
177.681583773
176.702614428
176.702614428
176.702614428
176.702614428
176.702614428
176.702614428
176.186040547
175.20449508
175.20449508
175.20449508
175.20449508
175.20449508
175.20449508
175.20449508
174.947081447
174.947081447
174.947081447
174.947081447
174.947081447
174.43111458
173.448396255
173.448396255
173.448396255
173.448396255
173.448396255
173.448396255
172.954943204
172.954943204
172.6985747
172.6985747
172.6985747
172.6985747
172.6985747
173.210932263
174.689288508
174.689288508
174.689288508
174.689288508
174.689288508
174.689288508
174.947081447
175.92718481
175.92718481
175.92718481
175.92718481
175.92718481
175.92718481
176.186040547
176.674768367
176.674768367
176.674768367
176.674768367
176.674768367
176.674768367
176.933961345
177.422055959
177.422055959
177.422055959
177.422055959
177.422055959
177.422055959
177.422055959
176.444516531
176.444516531
176.444516531
176.444516531
176.444516531
176.444516531
175.92718481
174.947081447
174.947081447
174.947081447
174.947081447
174.947081447
174.947081447
174.454964913
174.454964913
174.197897131
174.197897131
174.197897131
174.197897131
174.197897131
174.197897131
174.197897131
174.197897131
174.197897131
174.197897131
174.197897131
174.689288508
174.689288508
174.689288508
174.689288508
174.689288508
174.689288508
174.689288508
174.689288508
174.197897131
174.197897131
174.197897131
174.197897131
174.197897131
174.197897131
173.940449432
173.940449432
173.940449432
173.940449432
173.940449432
173.940449432
173.940449432
173.940449432
173.940449432
173.940449432
173.940449432
173.940449432
173.940449432
173.940449432
174.711654455
176.186040547
176.186040547
176.186040547
176.186040547
176.186040547
176.186040547
176.674768367
176.933961345
176.933961345
176.933961345
176.933961345
176.933961345
176.933961345
177.966958432
179.922698016
179.922698016
179.922698016
179.922698016
179.922698016
179.922698016
180.408320217
180.408320217
180.9296314
180.9296314
180.9296314
180.9296314
180.9296314
181.44944486
181.44944486
181.44944486
181.44944486
181.44944486
181.44944486
181.44944486
181.44944486
181.44944486
181.44944486
181.44944486
181.44944486
181.44944486
181.44944486
180.961020166
180.961020166
180.961020166
180.961020166
180.961020166
180.961020166
180.961020166
180.961020166
180.961020166
180.961020166
180.961020166
180.961020166
180.961020166
180.961020166
180.961020166
180.961020166
180.961020166
180.961020166
180.961020166
180.961020166
180.701998958
180.212953409
180.212953409
180.212953409
180.212953409
180.212953409
180.212953409
179.9542624
179.9542624
179.9542624
179.9542624
179.9542624
179.9542624
179.9542624
179.46459003
179.46459003
179.46459003
179.46459003
179.46459003
179.46459003
179.46459003
179.46459003
179.9542624
179.9542624
179.9542624
179.9542624
179.46459003
179.46459003
179.46459003
179.46459003
179.46459003
179.46459003
179.46459003
179.46459003
179.46459003
179.9542624
179.9542624
179.9542624
179.9542624
179.9542624
179.9542624
179.9542624
179.46459003
179.46459003
179.46459003
179.46459003
179.46459003
179.46459003
178.973577919
178.973577919
178.973577919
178.973577919
178.973577919
178.973577919
178.973577919
178.973577919
179.46459003
179.46459003
179.46459003
179.46459003
179.46459003
179.46459003
179.46459003
178.973577919
178.973577919
178.973577919
178.973577919
178.973577919
178.973577919
178.973577919
178.973577919
178.973577919
178.973577919
178.973577919
178.973577919
178.973577919
178.715926301
178.715926301
178.715926301
178.715926301
178.715926301
178.715926301
178.715926301
178.224272202
177.966958432
177.966958432
177.966958432
177.966958432
177.966958432
177.966958432
177.709272091
176.724725612
176.724725612
176.724725612
176.724725612
176.724725612
176.724725612
176.724725612
176.724725612
176.468094784
176.468094784
176.468094784
176.468094784
176.468094784
176.468094784
176.468094784
176.468094784
