19.05
19.05
19.05
19.03
19.03
19.03
19.03
19.03
19.03
19.03
19.03
19.03
19.01
19.01
19.01
19.01
19.01
19.0
19.0
19.0
19.0
19.0
19.0
19.0
19.0
19.0
19.0
19.0
19.0
19.0
19.0
19.0
18.99
18.99
18.99
18.99
18.99
18.99
18.98
18.98
18.98
18.98
18.98
18.98
18.98
18.97
18.97
18.97
18.97
18.97
18.97
18.97
18.97
18.97
18.97
18.97
18.96
18.96
18.96
18.96
18.96
18.94
18.94
18.94
18.94
18.94
18.94
18.94
18.93
18.93
18.93
18.93
18.92
18.92
18.92
18.92
18.92
18.92
18.92
18.92
18.92
18.91
18.91
18.91
18.91
18.91
18.9
18.9
18.9
18.9
18.9
18.9
18.9
18.9
18.9
18.9
18.9
18.9
18.9
18.9
18.9
18.9
18.88
18.88
18.88
18.88
18.88
18.86
18.86
18.86
18.86
18.86
18.86
18.86
18.86
18.86
18.84
18.84
18.84
18.84
18.84
18.82
18.82
18.82
18.82
18.82
18.82
18.82
18.82
18.82
18.81
18.81
18.81
18.81
18.8
18.8
18.8
18.8
18.8
18.8
18.8
18.8
18.8
18.78
18.78
18.78
18.78
18.78
18.78
18.78
18.78
18.78
18.77
18.77
18.77
18.77
18.77
18.77
18.77
18.77
18.77
18.77
18.78
18.78
18.78
18.78
18.78
18.78
18.78
18.78
18.78
18.8
18.8
18.8
18.8
18.8
18.8
18.81
18.81
18.81
18.81
18.81
18.81
18.82
18.82
18.82
18.82
18.82
18.82
18.82
18.82
18.82
18.83
18.83
18.83
18.83
18.83
18.83
18.83
18.84
18.84
18.84
18.84
18.84
18.84
18.85
18.85
18.85
18.85
18.85
18.87
18.87
18.87
18.87
18.87
18.87
18.87
18.87
18.87
18.9
18.9
18.9
18.9
18.9
18.91
18.91
18.91
18.91
18.91
18.91
18.91
18.91
18.91
18.93
18.93
18.93
18.93
18.93
18.95
18.95
18.95
18.95
18.95
18.95
18.95
18.95
18.95
18.97
18.97
18.97
18.97
18.97
18.97
18.97
18.98
18.98
18.98
18.98
18.98
18.98
18.98
18.98
18.98
18.98
18.98
18.98
18.98
18.98
18.98
18.98
18.98
18.98
18.98
18.98
18.96
18.96
18.96
18.96
18.96
18.97
18.97
18.97
18.97
18.97
18.97
18.97
18.97
18.97
18.97
18.97
18.97
18.97
18.97
18.97
18.97
18.97
18.97
18.97
18.97
18.97
18.97
18.97
18.96
18.96
18.96
18.96
18.96
18.96
18.97
18.97
18.97
18.97
18.97
18.97
18.97
18.97
18.97
18.97
18.97
18.97
18.97
18.97
18.97
18.99
18.99
18.99
18.99
18.99
18.99
18.99
18.99
18.99
18.99
18.99
18.99
18.99
18.99
19.01
19.01
19.01
19.01
19.01
19.01
19.01
19.01
19.01
19.01
19.01
19.01
19.01
19.01
19.01
19.01
19.01
19.01
19.01
19.01
19.02
19.02
19.02
19.02
19.02
19.02
19.03
19.03
19.03
19.03
19.03
19.03
19.04
19.04
19.04
19.04
19.04
19.04
19.04
19.04
19.04
19.06
19.06
19.06
19.06
19.06
19.06
19.06
19.06
19.06
19.06
19.06
19.06
19.06
19.06
19.07
19.07
19.07
19.07
19.07
19.07
19.07
19.07
19.07
19.07
19.07
19.07
19.07
19.07
19.06
19.06
19.06
19.06
19.04
19.04
19.04
19.04
19.04
19.04
19.04
19.04
19.04
19.03
19.03
19.03
19.03
19.03
19.03
19.01
19.01
19.01
19.01
19.01
19.01
19.01
19.01
19.01
19.01
19.01
19.01
19.01
19.01
19.01
19.01
19.01
19.01
19.01
19.01
19.01
19.01
19.01
19.01
19.01
19.01
19.01
19.01
19.0
19.0
19.0
19.0
19.0
19.0
19.0
19.0
19.0
18.99
18.99
18.99
18.99
18.99
18.99
18.99
18.99
18.99
18.99
18.99
18.99
18.99
18.98
18.98
18.98
18.98
18.98
18.96
18.96
18.96
18.96
18.96
18.96
18.94
18.94
18.94
18.94
18.94
18.94
18.94
18.93
18.93
18.93
18.93
18.93
18.93
18.93
18.93
18.93
18.91
18.91
18.91
18.91
18.91
18.9
18.9
18.9
18.9
18.9
18.9
18.9
18.9
18.9
18.9
18.9
18.9
18.9
18.9
18.9
18.9
18.9
18.9
18.9
18.9
18.9
18.9
18.9
18.93
18.93
18.93
18.93
18.93
18.96
18.96
18.96
18.96
18.96
18.96
18.96
18.96
18.96
18.99
18.99
18.99
18.99
18.99
18.99
18.99
19.01
19.01
19.01
19.01
19.01
19.01
19.01
19.01
19.04
19.04
19.04
19.04
19.06
19.06
19.06
19.06
19.06
19.06
19.06
19.06
19.06
19.07
19.07
19.07
19.07
19.07
19.08
19.08
19.08
19.08
19.08
19.08
19.08
19.08
19.08
19.08
19.08
19.08
19.08
19.08
19.09
19.09
19.09
19.09
19.09
19.09
19.09
19.09
19.09
19.1
19.1
19.1
19.1
19.1
19.13
19.13
19.13
19.13
19.13
19.13
19.13
19.13
19.13
19.15
19.15
19.15
19.15
19.16
19.16
19.16
19.16
19.16
19.16
19.16
19.16
19.16
19.16
19.16
19.16
19.16
19.16
19.16
19.16
19.16
19.16
19.16
19.16
19.16
19.16
19.16
19.13
19.13
19.13
19.13
19.13
19.13
19.13
19.11
19.11
19.11
19.11
19.11
19.11
19.11
19.11
19.09
19.09
19.09
19.09
19.06
19.06
19.06
19.06
19.06
19.06
19.06
19.06
19.06
19.03
19.03
19.03
19.03
19.03
18.99
18.99
18.99
18.99
18.99
18.99
18.99
18.95
18.95
18.95
18.95
18.95
18.95
18.95
18.95
18.92
18.92
18.92
18.92
18.92
18.91
18.91
18.91
18.91
18.91
18.91
18.91
18.91
18.91
18.91
18.91
18.91
18.91
18.91
18.91
18.91
18.91
18.91
18.91
18.91
18.91
18.91
18.91
18.9
18.9
18.9
18.9
18.9
18.91
18.91
18.91
18.91
18.91
18.91
18.91
18.91
18.91
18.89
