19.36
19.36
19.36
19.36
19.36
19.36
19.36
19.25
19.25
19.25
19.25
19.25
19.25
19.2
19.2
19.2
19.2
19.2
19.2
19.2
19.2
19.13
19.13
19.13
19.13
19.13
19.13
19.08
19.08
19.08
19.08
19.08
19.08
19.08
19.08
19.06
19.06
19.06
19.06
19.06
19.06
19.06
19.11
19.11
19.11
19.11
19.11
19.11
19.24
19.24
19.24
19.24
19.24
19.4
19.4
19.4
19.4
19.4
19.4
19.4
19.4
19.4
19.64
19.64
19.64
19.94
19.94
19.94
19.94
19.94
19.94
19.94
19.94
19.94
19.94
19.94
20.28
20.28
20.28
20.28
20.28
20.28
20.67
20.67
20.67
20.67
20.67
20.67
20.67
20.67
21.07
21.07
21.07
21.07
21.07
21.07
21.45
21.45
21.45
21.45
21.45
21.45
21.45
21.86
21.86
21.86
21.86
21.86
21.86
21.86
21.86
22.29
22.29
22.29
22.29
22.29
22.29
22.73
22.73
22.73
22.73
22.73
22.73
22.73
22.73
23.16
23.16
23.16
23.16
23.16
23.16
23.61
23.61
23.61
23.61
23.61
23.61
23.61
24.03
24.03
24.03
24.03
24.03
24.03
24.45
24.45
24.45
24.45
24.45
24.84
24.84
24.84
24.84
24.84
24.84
24.84
24.84
24.84
24.84
25.2
25.2
25.2
25.2
25.2
25.2
25.2
25.6
25.6
25.6
25.6
25.6
25.6
26.0
26.0
26.0
26.0
26.0
26.0
26.39
26.39
26.39
26.39
26.39
26.39
26.39
26.39
26.39
26.77
26.77
26.77
26.77
26.77
26.77
26.77
27.16
27.16
27.16
27.16
27.16
27.16
27.52
27.52
27.52
27.52
27.52
27.52
27.52
27.88
27.88
27.88
27.88
27.88
27.88
27.88
28.21
28.21
28.21
28.21
28.21
28.21
28.56
28.56
28.56
28.56
28.56
28.56
28.56
28.56
28.88
28.88
28.88
28.88
28.88
28.88
29.21
29.21
29.21
29.21
29.21
29.21
29.21
29.21
29.53
29.53
29.53
29.53
29.53
29.53
29.82
29.82
29.82
29.82
29.82
29.82
29.82
30.15
30.15
30.15
30.15
30.15
30.15
30.45
30.45
30.45
30.45
30.45
30.45
30.45
30.45
30.73
30.73
30.73
30.73
30.73
30.73
30.98
30.98
30.98
30.98
30.98
30.98
31.25
31.25
31.25
31.25
31.25
31.25
31.25
31.25
31.25
31.48
31.48
31.48
31.48
31.75
31.75
31.75
31.75
31.75
31.75
31.75
31.75
31.75
32.01
32.01
32.01
32.01
32.01
32.01
32.01
32.28
32.28
32.28
32.28
32.28
32.28
32.28
32.28
32.49
32.49
32.49
32.49
32.49
32.49
32.7
32.7
32.7
32.7
32.7
32.94
32.94
32.94
32.94
32.94
32.94
32.94
32.94
32.94
33.15
33.15
33.15
33.15
33.15
33.15
33.15
33.38
33.38
33.38
33.38
33.38
33.38
33.38
33.58
33.58
33.58
33.58
33.58
33.58
33.78
33.78
33.78
33.78
33.78
33.78
33.78
33.78
33.95
33.95
33.95
33.95
33.95
33.95
34.1
34.1
34.1
34.1
34.1
34.1
34.1
34.25
34.25
34.25
34.25
34.25
34.25
34.25
34.25
34.4
34.4
34.4
34.4
34.4
34.4
34.55
34.55
34.55
34.55
34.55
34.55
34.55
34.55
34.73
34.73
34.73
34.73
34.73
34.73
34.93
34.93
34.93
34.93
34.93
34.93
34.93
35.1
35.1
35.1
35.1
35.1
35.1
35.23
35.23
35.23
35.23
35.23
35.23
35.35
35.35
35.35
35.35
35.35
35.35
35.35
35.35
35.35
35.42
35.42
35.42
35.42
35.42
35.42
35.5
35.5
35.5
35.5
35.5
35.6
35.6
35.6
35.6
35.6
35.6
35.6
35.6
35.6
35.6
35.6
35.6
35.77
35.89
35.89
35.89
35.89
35.89
35.89
35.89
35.89
35.89
35.89
35.89
36.02
36.02
36.02
36.02
36.02
36.02
36.18
36.18
36.18
36.18
36.18
36.18
36.18
36.3
36.3
36.3
36.3
36.3
36.3
36.3
36.3
36.41
36.41
36.41
36.41
36.41
36.55
36.55
36.55
36.55
36.55
36.55
36.55
36.67
36.67
36.67
36.67
36.67
36.67
36.67
36.67
36.83
36.83
36.83
36.83
36.83
36.83
36.98
36.98
36.98
36.98
36.98
36.98
36.98
36.98
37.09
37.09
37.09
37.09
37.09
37.09
37.18
37.18
37.18
37.18
37.18
37.18
37.18
37.18
37.26
37.26
37.26
37.26
37.26
37.26
37.28
37.28
37.28
37.28
37.28
37.28
37.28
37.31
37.31
37.31
37.31
37.35
37.35
37.35
37.35
37.35
37.35
37.35
37.35
37.35
37.35
37.35
37.42
37.42
37.42
37.42
37.42
37.42
37.54
37.54
37.54
37.54
37.54
37.54
37.54
37.63
37.63
37.63
37.63
37.63
37.63
37.63
37.63
37.69
37.69
37.69
37.69
37.69
37.69
37.78
37.78
37.78
37.78
37.78
37.78
37.78
37.83
37.83
37.83
37.83
37.83
37.83
37.83
37.83
37.9
37.9
37.9
37.9
37.9
37.9
37.99
37.99
37.99
37.99
37.99
37.99
37.99
38.09
38.09
38.09
38.09
38.09
38.09
38.17
38.17
38.17
38.17
38.17
38.17
38.17
38.17
38.22
38.22
38.22
38.22
38.22
38.22
38.22
38.32
38.32
38.32
38.32
38.32
38.32
38.35
38.35
38.35
38.35
38.41
38.41
38.41
38.41
38.41
38.41
38.41
38.41
38.41
38.41
38.41
38.45
38.45
38.45
38.45
38.45
38.45
38.5
38.5
38.5
38.5
38.5
38.5
38.5
38.5
38.53
38.53
38.53
38.53
38.53
38.53
38.55
38.55
38.55
38.55
38.55
38.55
38.61
38.61
38.61
38.61
38.61
38.61
38.61
38.61
38.69
38.69
38.69
38.69
38.69
38.69
38.85
38.85
38.85
38.85
38.85
38.85
38.85
38.85
38.95
38.95
38.95
38.95
38.95
38.95
38.97
38.97
38.97
38.97
38.97
38.97
38.97
38.97
38.93
38.93
38.93
38.93
38.93
38.93
