23.38
23.38
23.16
23.16
23.16
23.16
23.16
23.16
22.96
22.96
22.96
22.96
22.96
22.96
22.96
22.96
22.79
22.79
22.79
22.79
22.79
22.79
22.61
22.61
22.61
22.61
22.61
22.61
22.61
22.36
22.36
22.36
22.36
22.36
22.36
22.36
22.11
22.11
22.11
22.11
22.11
22.11
21.96
21.96
21.96
21.96
21.96
21.96
21.96
22.06
22.06
22.06
22.06
22.06
22.06
22.18
22.18
22.18
22.18
22.18
22.18
22.18
22.18
22.18
22.26
22.26
22.26
22.26
22.26
22.26
22.26
22.37
22.37
22.37
22.37
22.37
22.37
22.53
22.53
22.53
22.53
22.53
22.53
22.53
22.53
22.81
22.81
22.81
22.81
22.81
22.81
22.81
23.13
23.13
23.13
23.13
23.13
23.41
23.41
23.41
23.41
23.41
23.41
23.41
23.41
23.67
23.67
23.67
23.67
23.67
23.67
24.0
24.0
24.0
24.0
24.0
24.0
24.0
24.34
24.34
24.34
24.34
24.34
24.34
24.34
24.34
24.71
24.71
24.71
24.71
24.71
24.71
25.13
25.13
25.13
25.13
25.13
25.13
25.13
25.13
25.42
25.42
25.42
25.42
25.42
25.42
25.74
25.74
25.74
25.74
25.74
25.74
25.74
25.74
26.07
26.07
26.07
26.07
26.07
26.07
26.43
26.43
26.43
26.43
26.43
26.43
26.43
26.78
26.78
26.78
26.78
26.78
26.78
26.78
27.14
27.14
27.14
27.14
27.14
27.14
27.6
27.6
27.6
27.6
27.6
27.6
27.6
27.6
28.01
28.01
28.01
28.01
28.01
28.01
28.34
28.34
28.34
28.34
28.34
28.34
28.34
28.34
28.68
28.68
28.68
28.68
28.68
28.68
28.93
28.93
28.93
28.93
28.93
28.93
28.93
28.93
29.11
29.11
29.11
29.11
29.11
29.11
29.36
29.36
29.36
29.36
29.36
29.36
29.36
29.66
29.66
29.66
29.66
29.66
29.66
29.66
30.03
30.03
30.03
30.03
30.03
30.03
30.33
30.33
30.33
30.33
30.33
30.33
30.33
30.33
30.59
30.59
30.59
30.59
30.59
30.59
30.89
30.89
30.89
30.89
30.89
30.89
30.89
30.89
31.12
31.12
31.12
31.12
31.12
31.12
31.49
31.49
31.49
31.49
31.49
31.49
31.49
31.49
31.75
31.75
31.75
31.75
31.75
31.75
32.01
32.01
32.01
32.01
32.01
32.01
32.01
32.01
32.17
32.17
32.17
32.17
32.17
32.17
32.31
32.31
32.31
32.31
32.31
32.31
32.45
32.45
32.45
32.45
32.45
32.45
32.45
32.45
32.61
32.61
32.61
32.61
32.61
32.61
32.79
32.79
32.79
32.79
32.79
32.79
32.79
32.79
32.95
32.95
32.95
32.95
32.95
32.95
32.95
33.13
33.13
33.13
33.13
33.13
33.13
33.28
33.28
33.28
33.28
33.28
33.28
33.28
33.28
33.48
33.48
33.48
33.48
33.48
33.48
33.48
33.65
33.65
33.65
33.65
33.65
33.65
33.8
33.8
33.8
33.8
33.8
33.8
33.8
33.95
33.95
33.95
33.95
33.95
33.95
33.95
34.05
34.05
34.05
34.05
34.05
34.05
34.22
34.22
34.22
34.22
34.22
34.22
34.22
34.22
34.29
34.29
34.29
34.29
34.29
34.29
34.41
34.41
34.41
34.41
34.41
34.41
34.41
34.41
34.53
34.53
34.53
34.53
34.53
34.53
34.61
34.61
34.61
34.61
34.61
34.61
34.61
34.61
34.66
34.66
34.66
34.66
34.66
34.66
34.78
34.78
34.78
34.78
34.78
34.78
34.78
34.78
34.9
34.9
34.9
34.9
