186.450385525
186.450385525
186.935302822
186.935302822
186.935302822
186.935302822
186.935302822
186.935302822
186.935302822
186.935302822
186.935302822
186.935302822
186.935302822
186.935302822
186.935302822
186.935302822
186.450385525
186.450385525
186.450385525
186.450385525
186.450385525
186.450385525
186.450385525
186.450385525
186.450385525
186.450385525
186.450385525
186.450385525
186.450385525
186.935302822
186.935302822
187.196519213
187.196519213
187.196519213
187.196519213
187.196519213
187.196519213
187.196519213
187.196519213
187.196519213
187.196519213
187.196519213
187.196519213
187.196519213
187.196519213
187.196519213
187.196519213
187.457371611
187.457371611
187.457371611
187.457371611
187.457371611
187.196519213
187.196519213
187.196519213
187.196519213
187.196519213
186.710924311
186.710924311
186.710924311
186.710924311
186.710924311
186.710924311
186.710924311
186.710924311
186.710924311
186.710924311
186.710924311
186.710924311
186.710924311
186.450385525
185.964203771
185.964203771
185.964203771
185.964203771
185.964203771
185.964203771
185.964203771
185.964203771
185.964203771
185.964203771
185.964203771
185.964203771
185.964203771
185.476747614
185.217206685
185.217206685
185.217206685
185.217206685
185.217206685
185.217206685
185.217206685
185.217206685
185.217206685
185.217206685
185.217206685
185.217206685
185.217206685
184.729149956
184.729149956
184.469929694
184.469929694
184.469929694
184.469929694
184.469929694
184.469929694
184.469929694
184.469929694
184.469929694
184.469929694
184.469929694
184.469929694
184.469929694
184.469929694
184.469929694
184.469929694
184.469929694
184.469929694
184.469929694
184.469929694
184.469929694
184.469929694
184.469929694
184.469929694
184.469929694
184.469929694
184.469929694
184.469929694
184.469929694
184.469929694
184.469929694
184.469929694
184.729149956
185.217206685
185.217206685
185.217206685
185.217206685
185.217206685
185.217206685
185.217206685
185.217206685
185.217206685
185.217206685
185.217206685
185.217206685
185.217206685
185.217206685
185.217206685
185.476747614
185.476747614
185.476747614
185.476747614
185.476747614
184.988006982
184.729149956
184.729149956
184.729149956
184.729149956
184.729149956
184.729149956
184.729149956
184.239800355
184.239800355
184.239800355
184.239800355
184.239800355
184.239800355
183.98126677
183.98126677
183.98126677
183.98126677
183.98126677
183.98126677
183.98126677
183.491302473
183.491302473
183.491302473
183.491302473
183.491302473
183.491302473
183.491302473
183.491302473
183.23309456
183.23309456
183.23309456
183.23309456
183.23309456
183.23309456
183.23309456
183.23309456
183.23309456
183.23309456
183.23309456
183.23309456
183.23309456
183.23309456
182.742509759
182.742509759
182.742509759
182.742509759
182.742509759
182.742509759
182.742509759
182.742509759
182.742509759
182.742509759
182.742509759
182.742509759
182.484629772
181.993418572
181.993418572
181.993418572
181.993418572
181.993418572
181.993418572
181.993418572
181.993418572
181.993418572
181.993418572
181.993418572
181.993418572
181.993418572
181.993418572
181.993418572
181.993418572
181.993418572
181.993418572
181.993418572
181.993418572
181.993418572
181.500877971
181.500877971
181.500877971
181.500877971
181.500877971
181.500877971
181.244025213
181.244025213
181.244025213
181.244025213
181.244025213
181.244025213
181.244025213
181.244025213
180.750843278
180.750843278
180.750843278
180.750843278
180.750843278
180.750843278
180.256312
180.256312
180.000496466
180.000496466
180.000496466
180.000496466
180.000496466
180.000496466
180.000496466
180.000496466
180.000496466
180.000496466
180.000496466
180.000496466
180.000496466
180.000496466
180.000496466
180.000496466
180.000496466
180.000496466
180.000496466
180.000496466
180.000496466
180.000496466
180.000496466
180.000496466
180.000496466
179.505308468
179.505308468
179.505308468
179.505308468
179.505308468
179.505308468
179.505308468
179.249833617
178.753982505
178.753982505
178.753982505
178.753982505
178.753982505
178.753982505
178.753982505
178.753982505
178.753982505
178.753982505
178.753982505
178.753982505
178.753982505
178.753982505
178.753982505
178.753982505
178.753982505
178.753982505
178.753982505
178.753982505
178.753982505
178.753982505
178.753982505
178.753982505
178.753982505
178.753982505
178.753982505
178.753982505
178.256752105
178.256752105
178.256752105
178.256752105
178.256752105
178.256752105
178.002330028
177.504420437
177.504420437
177.504420437
177.504420437
177.504420437
177.504420437
177.504420437
177.504420437
177.504420437
177.504420437
177.504420437
177.504420437
177.504420437
177.504420437
177.005110249
177.005110249
177.005110249
177.005110249
177.005110249
177.005110249
177.504420437
177.504420437
177.504420437
177.504420437
177.504420437
177.504420437
177.758130842
178.256752105
178.256752105
178.256752105
178.256752105
178.256752105
178.256752105
178.510811572
178.510811572
178.510811572
178.510811572
178.510811572
178.510811572
178.510811572
179.008750647
179.008750647
179.008750647
179.008750647
179.008750647
179.008750647
179.008750647
179.263156718
178.764509975
178.764509975
178.764509975
178.764509975
178.764509975
178.764509975
178.264468408
178.264468408
178.011479652
178.011479652
178.011479652
178.011479652
178.011479652
177.758130842
177.25810698
177.25810698
177.25810698
177.25810698
177.25810698
177.25810698
177.25810698
176.756668615
176.756668615
176.756668615
176.756668615
176.756668615
176.756668615
176.756668615
176.756668615
176.756668615
176.756668615
176.756668615
176.756668615
176.756668615
176.756668615
176.756668615
176.756668615
176.756668615
176.756668615
176.756668615
176.756668615
176.756668615
176.756668615
176.756668615
176.756668615
176.756668615
176.756668615
177.008590096
177.510743134
177.510743134
177.510743134
177.510743134
177.510743134
177.510743134
177.008590096
177.008590096
177.008590096
177.008590096
177.008590096
177.008590096
177.008590096
176.756668615
176.756668615
176.756668615
176.756668615
176.756668615
176.756668615
176.756668615
176.504387576
176.002240363
176.002240363
176.002240363
176.002240363
176.002240363
176.002240363
174.993623231
174.993623231
174.743143545
174.743143545
174.743143545
174.743143545
174.743143545
174.743143545
174.743143545
174.743143545
174.743143545
174.743143545
174.743143545
174.492304305
173.987260397
173.987260397
173.987260397
173.987260397
173.987260397
173.987260397
173.987260397
173.736787116
173.231002092
173.231002092
173.231002092
173.231002092
173.231002092
173.231002092
172.980897426
172.474363696
172.474363696
172.474363696
172.474363696
172.474363696
172.474363696
172.474363696
172.224630328
172.224630328
172.224630328
172.224630328
172.224630328
171.974534315
171.467980831
171.467980831
171.467980831
171.467980831
171.467980831
170.959926437
170.959926437
170.710943848
170.710943848
170.710943848
170.710943848
170.710943848
170.710943848
170.710943848
170.710943848
170.710943848
170.710943848
170.710943848
170.710943848
170.710943848
170.710943848
170.710943848
170.710943848
170.710943848
170.710943848
170.710943848
170.710943848
170.959926437
171.467980831
171.467980831
171.467980831
171.467980831
171.467980831
171.467980831
171.717340183
172.224630328
172.224630328
172.224630328
172.224630328
172.224630328
172.224630328
172.474363696
172.474363696
172.474363696
172.474363696
172.474363696
172.474363696
172.474363696
172.474363696
172.980897426
172.980897426
172.980897426
172.980897426
172.980897426
172.980897426
173.231002092
172.72373599
172.72373599
172.72373599
172.72373599
172.72373599
172.72373599
172.72373599
172.72373599
172.474363696
172.474363696
172.474363696
172.474363696
172.474363696
171.966337957
171.966337957
171.966337957
171.966337957
171.966337957
171.966337957
171.966337957
171.717340183
171.208546945
171.208546945
171.208546945
171.208546945
171.208546945
171.208546945
170.959926437
170.450357714
170.450357714
170.450357714
170.450357714
170.450357714
170.450357714
170.450357714
170.450357714
170.450357714
170.450357714
170.450357714
170.450357714
170.450357714
170.450357714
170.450357714
170.450357714
170.450357714
170.450357714
170.450357714
170.450357714
170.450357714
170.450357714
170.450357714
170.450357714
170.450357714
170.450357714
170.450357714
170.450357714
170.450357714
170.450357714
170.450357714
170.450357714
170.450357714
170.450357714
170.20211725
170.20211725
170.20211725
170.20211725
170.20211725
170.20211725
170.20211725
170.20211725
169.691764925
169.691764925
169.691764925
169.691764925
169.691764925
169.691764925
169.691764925
169.691764925
169.691764925
169.691764925
169.691764925
169.691764925
169.691764925
169.691764925
169.691764925
169.691764925
169.691764925
169.691764925
169.691764925
169.691764925
169.691764925
169.691764925
169.691764925
169.691764925
169.691764925
169.691764925
169.691764925
169.691764925
169.691764925
169.691764925
169.691764925
169.691764925
169.691764925
169.691764925
169.939261038
169.939261038
169.939261038
169.939261038
169.939261038
169.939261038
169.939261038
169.939261038
169.939261038
169.939261038
169.939261038
169.939261038
169.939261038
169.939261038
169.939261038
169.939261038
169.939261038
169.939261038
169.939261038
169.939261038
169.939261038
169.939261038
169.939261038
169.939261038
169.939261038
169.939261038
169.939261038
169.426622582
169.179873065
169.179873065
169.179873065
169.179873065
169.179873065
169.179873065
168.932763142
168.420067686
168.420067686
168.420067686
168.420067686
168.420067686
168.420067686
168.420067686
168.420067686
168.420067686
168.420067686
168.420067686
168.420067686
168.173346827
167.659839226
167.659839226
167.659839226
167.659839226
167.659839226
167.659839226
167.905806737
168.420067686
168.420067686
168.420067686
168.420067686
168.420067686
168.420067686
168.912428308
169.939261038
169.939261038
169.939261038
169.939261038
169.939261038
169.939261038
170.43317507
171.456806947
171.456806947
171.456806947
171.456806947
171.456806947
171.456806947
171.704708005
171.704708005
171.704708005
171.704708005
171.704708005
171.704708005
171.704708005
171.456806947
170.43317507
170.43317507
170.43317507
170.43317507
