176.468094784
176.468094784
176.468094784
176.468094784
176.211090209
175.71819109
175.71819109
175.71819109
175.71819109
175.71819109
175.71819109
175.71819109
176.211090209
176.211090209
176.211090209
176.211090209
176.211090209
176.211090209
176.211090209
176.211090209
176.211090209
176.211090209
176.211090209
176.211090209
176.211090209
176.468094784
176.468094784
176.468094784
176.468094784
176.468094784
176.468094784
176.468094784
175.974476769
175.974476769
175.974476769
175.974476769
175.974476769
175.974476769
175.974476769
176.230389746
176.724725612
176.724725612
176.724725612
176.724725612
176.724725612
176.724725612
177.217682568
177.217682568
177.474656083
177.474656083
177.474656083
177.474656083
177.474656083
176.960335893
175.974476769
175.974476769
175.974476769
175.974476769
175.974476769
175.974476769
174.485244265
174.485244265
173.976639515
173.976639515
173.976639515
173.976639515
173.721778758
173.721778758
173.721778758
173.721778758
173.721778758
173.721778758
173.721778758
173.721778758
174.217419647
174.217419647
174.217419647
174.217419647
174.217419647
174.217419647
174.217419647
174.711654455
174.711654455
174.711654455
174.711654455
174.711654455
174.711654455
174.967967422
174.967967422
174.967967422
174.967967422
174.967967422
174.967967422
174.967967422
174.967967422
175.223905466
175.223905466
175.223905466
175.223905466
175.223905466
175.223905466
175.479470228
176.468094784
176.468094784
176.468094784
176.468094784
176.468094784
176.468094784
176.468094784
176.468094784
175.974476769
175.974476769
175.974476769
175.974476769
175.974476769
175.974476769
175.974476769
175.974476769
175.974476769
175.974476769
175.974476769
175.974476769
176.230389746
177.217682568
177.217682568
177.217682568
177.217682568
177.217682568
177.217682568
176.724725612
176.724725612
176.724725612
176.724725612
176.724725612
176.724725612
176.211090209
175.223905466
175.223905466
175.223905466
175.223905466
175.223905466
175.223905466
175.223905466
175.223905466
175.223905466
175.223905466
175.223905466
175.223905466
175.223905466
175.479470228
176.960335893
176.960335893
176.960335893
176.960335893
176.960335893
176.960335893
176.960335893
176.468094784
176.468094784
176.468094784
176.468094784
176.468094784
176.468094784
175.974476769
175.974476769
175.974476769
175.974476769
175.974476769
175.974476769
175.974476769
175.71819109
174.728221572
174.728221572
174.728221572
174.728221572
174.728221572
174.728221572
175.223905466
175.223905466
175.223905466
175.223905466
175.223905466
175.223905466
175.223905466
174.967967422
174.473007541
174.473007541
174.473007541
174.473007541
174.473007541
174.473007541
174.473007541
174.473007541
174.473007541
174.473007541
174.473007541
174.473007541
174.473007541
174.217419647
173.721778758
173.721778758
173.721778758
173.721778758
173.721778758
173.976639515
174.473007541
174.473007541
174.473007541
174.473007541
174.473007541
174.473007541
174.473007541
174.473007541
174.473007541
174.473007541
174.473007541
174.473007541
174.473007541
174.728221572
174.728221572
174.728221572
174.728221572
174.728221572
174.728221572
174.728221572
175.223905466
175.223905466
175.223905466
175.223905466
175.223905466
175.223905466
175.223905466
175.223905466
174.728221572
174.728221572
174.728221572
174.728221572
174.728221572
174.728221572
174.231127473
174.231127473
174.231127473
174.231127473
174.231127473
174.231127473
174.231127473
174.231127473
174.728221572
174.728221572
174.728221572
174.728221572
174.728221572
174.728221572
174.473007541
173.976639515
173.976639515
173.976639515
173.976639515
173.976639515
173.976639515
174.967967422
174.967967422
174.967967422
174.967967422
174.967967422
174.967967422
174.967967422
174.711654455
173.721778758
173.721778758
173.721778758
173.721778758
173.721778758
173.976639515
174.473007541
174.473007541
174.473007541
174.473007541
174.473007541
174.473007541
174.473007541
174.473007541
174.473007541
174.473007541
174.473007541
174.473007541
174.473007541
174.473007541
173.976639515
173.976639515
173.976639515
173.976639515
173.976639515
173.976639515
173.976639515
173.976639515
173.721778758
173.721778758
173.721778758
173.721778758
173.721778758
173.976639515
173.976639515
173.976639515
173.976639515
173.976639515
173.976639515
173.976639515
173.478851257
173.478851257
173.478851257
173.478851257
173.478851257
173.478851257
173.478851257
173.478851257
173.976639515
173.976639515
173.976639515
173.976639515
173.976639515
173.976639515
173.721778758
172.726230281
172.726230281
172.726230281
172.726230281
172.726230281
172.726230281
172.47245776
171.973260019
171.973260019
171.973260019
171.973260019
171.973260019
171.973260019
171.466063766
170.466253122
170.466253122
170.466253122
170.466253122
