18.89
18.89
18.89
18.89
18.89
18.88
18.88
18.88
18.88
18.88
18.88
18.88
18.88
18.88
18.88
18.88
18.88
18.88
18.88
18.88
18.86
18.86
18.86
18.86
18.86
18.86
18.86
18.86
18.86
18.86
18.86
18.86
18.86
18.87
18.87
18.87
18.87
18.87
18.89
18.89
18.89
18.89
18.89
18.89
18.89
18.89
18.89
18.9
18.9
18.9
18.9
18.9
18.93
18.93
18.93
18.93
18.93
18.93
18.93
18.93
18.93
18.97
18.97
18.97
18.97
18.97
18.97
18.97
18.97
18.97
18.99
18.99
18.99
19.0
19.0
19.0
19.0
19.0
19.0
19.0
19.0
19.0
19.0
19.0
19.0
19.0
19.0
19.0
19.0
18.99
18.99
18.99
18.99
18.99
18.99
18.98
18.98
18.98
18.98
18.98
18.98
18.98
18.98
18.98
18.98
18.98
18.98
18.98
18.98
18.98
18.98
18.98
18.98
18.98
18.98
18.98
18.98
18.98
18.98
18.98
18.98
18.98
19.0
19.0
19.0
19.0
19.0
19.0
19.0
19.02
19.02
19.02
19.02
19.02
19.02
19.02
19.02
19.02
19.05
19.05
19.05
19.05
19.05
19.07
19.07
19.07
19.07
19.07
19.07
19.07
19.07
19.07
19.08
19.08
19.08
19.08
19.08
19.07
19.07
19.07
19.07
19.07
19.07
19.07
19.07
19.05
19.05
19.05
19.05
19.05
19.03
19.03
19.03
19.03
19.03
19.03
19.03
19.03
19.03
19.01
19.01
19.01
19.01
19.01
19.01
18.99
18.99
18.99
18.99
18.99
18.99
18.97
18.97
18.97
18.97
18.97
18.97
18.97
18.97
18.97
18.97
18.97
18.97
18.97
18.97
18.99
18.99
18.99
18.99
18.99
18.99
18.99
18.99
18.99
19.01
19.01
19.01
19.01
19.01
19.03
19.03
19.03
19.03
19.03
19.03
19.03
19.03
19.03
19.07
19.07
19.07
19.07
19.08
19.08
19.08
19.08
19.08
19.08
19.08
19.08
19.08
19.09
19.09
19.09
19.09
19.09
19.09
19.09
19.09
19.09
19.09
19.09
19.09
19.1
19.1
19.1
19.1
19.1
19.1
19.1
19.1
19.1
19.13
19.13
19.13
19.13
19.13
19.15
19.15
19.15
19.15
19.15
19.15
19.15
19.15
19.15
19.17
19.17
19.17
19.17
19.17
19.22
19.22
19.22
19.22
19.22
19.22
19.22
19.22
19.22
19.25
19.25
19.25
19.25
19.25
19.28
19.28
19.28
19.28
19.28
19.28
19.28
19.28
19.3
19.3
19.3
19.3
19.3
19.3
19.3
19.3
19.3
19.3
19.3
19.3
19.3
19.3
19.3
19.3
19.3
19.3
19.3
19.3
19.3
19.29
19.29
19.29
19.29
19.29
19.31
19.31
19.31
19.31
19.31
19.31
19.31
19.31
19.31
19.32
19.32
19.32
