170.43317507
170.43317507
169.919046674
169.919046674
169.673013264
169.673013264
169.673013264
169.673013264
169.673013264
169.673013264
169.673013264
169.673013264
169.673013264
169.673013264
169.673013264
169.673013264
170.186397231
170.186397231
170.186397231
170.186397231
170.186397231
170.186397231
170.43317507
170.945757205
170.945757205
170.945757205
170.945757205
170.945757205
170.945757205
171.192919361
171.192919361
171.192919361
171.192919361
171.192919361
171.192919361
171.192919361
171.192919361
171.192919361
171.192919361
171.192919361
171.192919361
171.192919361
171.192919361
171.192919361
171.192919361
171.192919361
171.192919361
171.192919361
171.192919361
171.192919361
170.945757205
169.919046674
169.919046674
169.919046674
169.919046674
169.919046674
169.919046674
169.919046674
169.919046674
169.919046674
169.919046674
169.919046674
169.919046674
169.919046674
169.919046674
169.919046674
169.919046674
169.919046674
169.919046674
169.919046674
169.919046674
169.919046674
169.919046674
169.919046674
169.919046674
169.919046674
169.919046674
169.919046674
169.919046674
169.919046674
169.919046674
169.919046674
169.919046674
169.919046674
169.919046674
169.919046674
169.919046674
169.919046674
169.919046674
169.919046674
169.919046674
169.919046674
169.403357937
169.403357937
169.158071217
169.158071217
169.158071217
169.158071217
169.158071217
169.158071217
169.158071217
169.158071217
169.158071217
169.158071217
169.158071217
169.158071217
169.403357937
169.919046674
169.919046674
169.919046674
169.919046674
169.919046674
169.919046674
170.43317507
170.43317507
170.679596109
170.679596109
170.679596109
170.679596109
170.679596109
170.679596109
170.164724359
170.164724359
170.164724359
170.164724359
170.164724359
170.164724359
169.919046674
169.403357937
169.403357937
169.403357937
169.403357937
169.403357937
169.403357937
168.367242053
168.367242053
167.879315079
167.879315079
167.879315079
167.879315079
167.879315079
167.879315079
168.396663964
168.396663964
168.396663964
168.396663964
168.396663964
168.396663964
168.396663964
168.396663964
168.396663964
168.396663964
168.396663964
168.396663964
168.396663964
168.641556817
169.158071217
169.158071217
169.158071217
169.158071217
169.158071217
169.158071217
169.158071217
169.158071217
169.158071217
169.158071217
169.158071217
169.158071217
169.403357937
169.403357937
169.403357937
169.403357937
169.403357937
169.403357937
169.403357937
169.403357937
168.886094568
168.886094568
168.886094568
168.886094568
168.886094568
168.886094568
168.886094568
168.886094568
168.886094568
168.886094568
168.886094568
168.886094568
168.886094568
168.886094568
168.886094568
168.886094568
168.886094568
168.886094568
168.886094568
168.886094568
168.886094568
168.886094568
168.886094568
168.886094568
168.886094568
168.886094568
168.886094568
168.886094568
169.403357937
169.403357937
169.403357937
169.403357937
169.403357937
169.403357937
169.648290014
169.648290014
169.648290014
169.648290014
169.648290014
169.648290014
169.648290014
169.403357937
168.886094568
168.886094568
168.886094568
168.886094568
168.886094568
168.886094568
168.886094568
168.886094568
168.886094568
168.886094568
168.886094568
168.886094568
168.886094568
168.886094568
168.886094568
168.886094568
168.886094568
168.886094568
168.886094568
168.886094568
168.886094568
168.886094568
168.886094568
168.886094568
168.886094568
168.886094568
168.886094568
168.886094568
168.886094568
168.886094568
168.886094568
168.886094568
168.886094568
168.886094568
168.367242053
168.367242053
168.367242053
168.367242053
168.367242053
168.367242053
167.846785655
167.846785655
167.603752765
167.603752765
167.603752765
167.603752765
167.603752765
167.36036696
166.839804682
166.839804682
166.839804682
166.839804682
166.839804682
166.839804682
166.839804682
167.36036696
167.36036696
167.36036696
167.36036696
167.36036696
167.36036696
167.603752765
168.123455571
168.123455571
168.123455571
168.123455571
168.123455571
168.123455571
168.123455571
168.123455571
168.123455571
168.123455571
168.123455571
168.123455571
168.123455571
168.123455571
168.123455571
168.123455571
168.123455571
168.123455571
168.123455571
168.123455571
167.603752765
167.603752765
167.603752765
167.603752765
167.603752765
167.603752765
167.603752765
167.603752765
167.36036696
167.36036696
167.36036696
167.36036696
167.36036696
167.36036696
167.36036696
167.36036696
167.36036696
167.36036696
167.36036696
167.36036696
167.36036696
167.36036696
167.603752765
167.603752765
167.603752765
167.603752765
167.603752765
167.603752765
167.603752765
167.603752765
167.603752765
167.603752765
167.603752765
167.603752765
167.846785655
168.367242053
168.367242053
168.367242053
168.367242053
168.367242053
168.367242053
