38.93
38.93
38.93
38.93
38.93
38.93
38.93
38.93
39.0
39.0
39.0
39.0
39.0
39.0
39.12
39.12
39.12
39.12
39.12
39.12
39.12
39.33
39.33
39.33
39.33
39.33
39.33
39.33
39.86
39.86
39.86
39.86
39.86
39.86
40.31
40.31
40.31
40.31
40.31
40.31
40.31
40.31
40.7
40.7
40.7
40.7
40.7
40.7
40.99
40.99
40.99
40.99
40.99
40.99
40.99
40.99
41.22
41.22
41.22
41.22
41.22
41.22
41.41
41.41
41.41
41.41
41.41
41.6
41.6
41.6
41.6
41.6
41.6
41.6
41.6
41.6
41.6
41.6
41.6
41.72
41.72
41.72
41.72
41.72
41.83
41.83
41.83
41.83
41.83
41.83
41.91
41.91
41.91
41.91
41.91
41.91
41.91
41.91
41.94
41.94
41.94
41.94
41.94
41.94
41.94
42.01
42.01
42.01
42.01
42.01
42.01
42.06
42.06
42.06
42.06
42.06
42.06
42.06
42.06
42.09
42.09
42.09
42.09
42.09
42.06
42.06
42.06
42.06
42.06
42.06
42.06
42.06
42.01
42.01
42.01
42.01
42.01
42.01
42.01
42.08
42.08
42.08
42.08
42.08
42.08
42.08
42.08
42.12
42.12
42.12
42.12
42.12
42.12
42.14
42.14
42.14
42.14
42.14
42.14
42.14
42.15
42.15
42.15
42.15
42.15
42.15
42.16
42.16
42.16
42.16
42.16
42.16
42.16
42.16
42.16
42.16
42.16
42.16
42.16
42.16
42.17
42.17
42.17
42.17
42.17
42.17
42.17
42.17
42.15
42.15
42.15
42.15
42.15
42.15
42.12
42.12
42.12
42.12
42.12
42.12
42.12
42.13
42.13
42.13
42.13
42.13
42.13
42.13
42.13
42.12
42.12
42.12
42.12
42.12
42.12
42.09
42.09
42.09
42.09
42.09
42.09
42.09
42.09
42.06
42.06
42.06
42.06
42.06
42.06
42.07
42.07
42.07
42.07
42.07
42.07
42.07
42.11
42.11
42.11
42.11
42.11
42.11
42.08
42.08
42.08
42.08
42.08
42.08
42.08
42.08
42.05
42.05
42.05
42.05
42.05
42.05
42.05
42.01
42.01
42.01
42.01
42.01
42.01
41.99
41.99
41.99
41.99
41.99
41.99
41.99
41.99
42.03
42.03
42.03
42.03
42.03
42.03
42.07
42.07
42.07
42.07
42.07
42.07
42.07
42.07
42.09
42.09
42.09
42.09
42.09
42.09
42.07
42.07
42.07
42.07
42.07
42.07
42.07
42.01
42.01
42.01
42.01
42.01
42.01
41.97
41.97
41.97
41.97
41.97
41.97
41.97
41.97
41.99
41.99
41.99
41.99
41.99
41.99
41.99
41.99
41.99
41.99
41.99
41.99
41.99
42.02
42.02
42.02
42.02
42.02
42.02
42.02
42.02
42.06
42.06
42.06
42.06
42.06
42.06
42.24
42.24
