14.65
14.65
14.65
14.65
14.65
14.65
14.64
14.64
14.64
14.64
14.64
14.64
14.64
14.64
14.64
14.63
14.63
14.63
14.63
14.63
14.63
14.63
14.63
14.63
14.63
14.63
14.63
14.63
14.63
14.62
14.62
14.62
14.62
14.62
14.62
14.62
14.62
14.62
14.62
14.62
14.62
14.62
14.62
14.62
14.62
14.62
14.62
14.62
14.62
14.62
14.61
14.61
14.61
14.61
14.61
14.62
14.62
14.62
14.62
14.62
14.62
14.62
14.62
14.62
14.62
14.62
14.62
14.62
14.62
14.62
14.62
14.62
14.62
14.62
14.62
14.62
14.62
14.62
14.62
14.62
14.62
14.62
14.63
14.63
14.63
14.63
14.63
14.63
14.63
14.63
14.63
14.62
14.62
14.62
14.62
14.62
14.62
14.62
14.62
14.62
14.62
14.62
14.62
14.61
14.61
14.61
14.61
14.61
14.61
14.61
14.61
14.61
14.61
14.61
14.61
14.61
14.61
14.61
14.61
14.61
14.61
14.61
14.61
14.61
14.62
14.62
14.62
14.62
14.62
14.62
14.62
14.62
14.62
14.63
14.63
14.63
14.63
14.63
14.63
14.63
14.63
14.63
14.63
14.63
14.63
14.63
14.62
14.62
14.62
14.62
14.62
14.61
14.61
14.61
14.61
14.61
14.61
14.61
14.61
14.61
14.61
14.61
14.61
14.61
14.61
14.62
14.62
14.62
14.62
14.62
14.62
14.62
14.62
14.62
14.62
14.62
14.62
14.62
14.62
14.62
14.62
14.61
14.61
14.61
14.61
14.61
14.61
14.61
14.61
14.61
14.61
14.61
14.61
14.61
14.61
14.62
14.62
14.62
14.62
14.62
14.62
14.62
14.62
14.62
14.62
14.62
14.62
14.62
14.61
14.61
14.61
14.61
14.61
14.61
14.61
14.61
14.61
14.61
14.61
14.61
14.61
14.61
14.61
14.61
14.61
14.61
14.61
14.61
14.61
14.61
14.61
14.61
14.61
14.61
14.61
14.61
14.61
14.61
14.61
14.61
14.61
14.61
14.61
14.6
14.6
14.6
14.6
14.6
14.6
14.6
14.6
14.6
14.6
14.6
14.6
14.61
14.61
14.61
14.61
14.61
14.61
14.61
14.61
14.61
14.61
14.61
14.61
14.61
14.61
14.61
14.61
14.61
14.61
14.61
14.61
14.61
14.61
14.61
14.61
14.61
14.61
14.61
14.61
14.61
14.61
14.61
14.61
14.61
14.61
14.61
14.61
14.6
14.6
14.6
14.6
14.6
14.6
14.6
14.6
14.6
14.6
14.6
14.6
14.61
14.61
14.61
14.61
14.61
14.61
14.61
14.61
14.61
14.61
14.61
14.61
14.61
14.61
14.61
14.61
14.61
14.61
14.61
14.61
14.61
14.61
14.61
14.61
14.61
14.61
14.61
14.61
14.61
14.61
14.61
14.61
14.61
14.61
14.61
14.61
14.61
14.61
