35.04
35.04
35.62
35.62
35.62
35.62
35.62
35.62
35.62
35.62
36.34
36.34
36.34
36.34
36.34
36.34
36.93
36.93
36.93
36.93
36.93
36.93
36.93
36.93
37.41
37.41
37.41
37.41
37.41
37.41
37.79
37.79
37.79
37.79
37.79
37.79
37.79
37.79
38.07
38.07
38.07
38.07
38.07
38.07
38.4
38.4
38.4
38.4
38.4
38.4
38.4
38.4
38.51
38.51
38.51
38.51
38.51
38.51
38.51
38.57
38.57
38.57
38.57
38.57
38.57
38.73
38.73
38.73
38.73
38.73
38.73
38.73
38.9
38.9
38.9
38.9
38.9
38.9
39.04
39.04
39.04
39.04
39.04
39.04
39.04
39.04
39.16
39.16
39.16
39.16
39.16
39.16
39.22
39.22
39.22
39.22
39.22
39.22
39.22
39.22
39.34
39.34
39.34
39.34
39.34
39.34
39.34
39.34
39.34
39.34
39.34
39.34
39.34
39.36
39.36
39.36
39.36
39.36
39.36
39.36
39.36
39.42
39.42
39.42
39.42
39.42
39.42
39.42
39.41
39.41
39.41
39.41
39.41
39.41
39.35
39.35
39.35
39.35
39.35
39.35
39.35
39.34
39.34
39.34
39.34
39.34
39.34
39.49
39.49
39.49
39.49
39.49
39.49
39.49
39.49
39.49
39.49
39.49
39.49
39.49
39.49
39.44
39.44
39.44
39.44
39.44
39.44
39.44
39.44
39.4
39.4
39.4
39.4
39.4
39.4
39.43
39.43
39.43
39.43
39.43
39.43
39.43
39.43
39.43
39.43
39.43
39.43
39.43
39.43
39.43
39.45
39.45
39.45
39.45
39.45
39.45
39.44
39.44
39.44
39.44
39.44
39.44
39.44
39.46
39.46
39.46
39.46
39.46
39.46
39.49
39.49
39.49
39.49
39.49
39.49
39.49
39.49
39.5
39.5
39.5
39.5
39.5
39.5
39.5
39.5
39.5
39.5
39.5
39.5
39.5
39.5
39.49
39.49
39.49
39.49
39.49
39.49
39.49
39.47
39.47
39.47
39.47
39.47
39.47
39.52
39.52
39.52
39.52
39.52
39.52
39.52
39.52
39.48
39.48
39.48
39.48
39.48
39.48
39.48
39.53
39.53
39.53
39.53
39.53
39.53
39.48
39.48
39.48
39.48
39.48
39.48
39.48
39.52
39.52
39.52
39.52
39.52
39.52
39.48
39.48
39.48
39.48
39.48
39.48
39.48
39.48
39.45
39.45
39.45
39.45
39.45
39.45
39.48
39.48
39.48
39.48
39.48
39.48
39.48
39.48
39.5
39.5
39.5
39.5
39.5
39.5
39.46
39.46
39.46
39.46
39.46
39.46
39.46
39.49
39.49
39.49
39.49
39.49
39.49
39.49
39.49
39.73
39.73
39.73
39.73
39.73
39.73
40.06
40.06
40.06
40.06
40.06
40.06
40.06
40.06
40.39
40.39
40.39
40.39
40.39
40.39
