14.61
14.61
14.61
14.61
14.61
14.61
14.61
14.61
14.61
14.61
14.61
14.61
14.61
14.61
14.61
14.62
14.62
14.62
14.62
14.62
14.61
14.61
14.61
14.61
14.61
14.61
14.61
14.6
14.6
14.6
14.6
14.6
14.61
14.61
14.61
14.61
14.61
14.61
14.61
14.6
14.6
14.6
14.6
14.6
14.6
14.6
14.6
14.6
14.6
14.6
14.6
14.6
14.6
14.6
14.61
14.61
14.61
14.61
14.61
14.61
14.61
14.61
14.61
14.61
14.61
14.61
14.61
14.61
14.61
14.6
14.6
14.6
14.6
14.6
14.6
14.6
14.6
14.6
14.6
14.6
14.6
14.6
14.6
14.6
14.6
14.6
14.6
14.6
14.6
14.6
14.6
14.6
14.6
14.6
14.6
14.6
14.6
14.6
14.6
14.6
14.6
14.59
14.59
14.59
14.59
14.59
14.59
14.59
14.59
14.59
14.59
14.59
14.59
14.59
14.59
14.59
14.59
14.59
14.59
14.59
14.59
14.59
14.59
14.59
14.59
14.59
14.59
14.59
14.59
14.59
14.59
14.59
14.59
14.59
14.59
14.59
14.59
14.59
14.59
14.59
14.59
14.59
14.59
14.59
14.59
14.59
14.59
14.59
14.59
14.59
14.58
14.58
14.58
14.58
14.58
14.58
14.58
14.58
14.58
14.58
14.58
14.58
14.58
14.58
14.59
14.59
14.59
14.59
14.59
14.59
14.59
14.59
14.59
14.59
14.59
14.59
14.59
14.59
14.59
14.59
14.59
14.59
14.59
14.59
14.59
14.59
14.59
14.59
14.59
14.59
14.59
14.59
14.59
14.59
14.59
14.59
14.59
14.59
14.59
14.59
14.59
14.59
14.59
14.59
14.59
14.59
14.59
14.59
14.58
14.58
14.58
14.58
14.57
14.57
14.57
14.57
14.57
14.57
14.57
14.57
14.57
14.57
14.57
14.57
14.57
14.57
14.57
14.57
14.57
14.57
14.57
14.57
14.57
14.57
14.57
14.58
14.58
14.58
14.58
14.58
14.58
14.58
14.58
14.58
14.58
14.58
14.58
14.58
14.58
14.58
14.58
14.58
14.58
14.58
14.58
14.58
14.58
14.58
14.58
14.58
14.58
14.58
14.58
14.58
14.58
14.58
14.58
14.58
14.57
14.57
14.57
14.57
14.57
14.57
14.57
14.57
14.57
