168.367242053
168.367242053
168.367242053
168.367242053
168.367242053
168.367242053
167.846785655
167.846785655
167.846785655
167.846785655
167.846785655
167.846785655
167.846785655
167.846785655
167.846785655
167.846785655
167.846785655
167.846785655
167.846785655
167.603752765
167.603752765
167.603752765
167.603752765
167.603752765
167.603752765
167.082433453
167.082433453
167.082433453
167.082433453
167.082433453
167.082433453
167.082433453
166.839804682
166.317613089
166.317613089
166.317613089
166.317613089
166.317613089
166.317613089
166.317613089
166.317613089
166.075391471
166.075391471
166.075391471
166.075391471
166.075391471
166.075391471
166.075391471
166.075391471
166.075391471
166.075391471
166.075391471
166.075391471
165.83281606
165.31050668
165.31050668
165.31050668
165.31050668
165.31050668
165.31050668
165.31050668
165.31050668
165.31050668
165.31050668
165.31050668
165.31050668
165.31050668
165.06834106
164.545143734
164.545143734
164.545143734
164.545143734
164.545143734
164.545143734
164.545143734
164.545143734
164.545143734
164.545143734
164.545143734
164.545143734
164.545143734
165.027586743
166.075391471
166.075391471
166.075391471
166.075391471
166.075391471
166.075391471
166.596822554
166.596822554
166.839804682
166.839804682
166.839804682
166.839804682
167.324710407
167.846785655
167.846785655
167.846785655
167.846785655
167.846785655
167.846785655
168.367242053
168.367242053
168.61067606
168.61067606
168.61067606
168.61067606
168.61067606
168.853759116
169.374110917
169.374110917
169.374110917
169.374110917
169.374110917
169.374110917
169.374110917
168.853759116
168.853759116
168.853759116
168.853759116
168.853759116
168.853759116
168.853759116
168.853759116
168.853759116
168.853759116
168.853759116
168.853759116
168.853759116
168.853759116
168.331798797
168.331798797
168.331798797
168.331798797
168.331798797
168.331798797
167.808214951
167.566637068
167.566637068
167.566637068
167.566637068
167.566637068
167.566637068
167.324710407
167.324710407
167.324710407
167.324710407
167.324710407
167.324710407
167.324710407
167.324710407
166.801001108
166.801001108
166.801001108
166.801001108
166.801001108
166.801001108
166.801001108
166.801001108
166.801001108
166.801001108
166.801001108
166.801001108
166.801001108
167.324710407
167.324710407
167.324710407
167.324710407
167.324710407
167.324710407
166.801001108
166.801001108
166.801001108
166.801001108
166.801001108
166.801001108
166.801001108
166.559482457
166.559482457
166.559482457
166.559482457
166.559482457
166.559482457
166.559482457
166.559482457
166.559482457
166.559482457
166.559482457
166.559482457
166.559482457
166.559482457
166.559482457
166.559482457
166.559482457
166.559482457
166.559482457
166.559482457
166.559482457
166.559482457
166.034884359
166.034884359
166.034884359
166.034884359
166.034884359
166.034884359
165.793776786
165.793776786
165.793776786
165.793776786
165.793776786
165.793776786
165.793776786
166.034884359
166.559482457
166.559482457
166.559482457
166.559482457
166.559482457
166.559482457
166.801001108
166.801001108
166.801001108
166.801001108
166.801001108
166.801001108
166.801001108
167.042170563
168.089467159
168.089467159
168.089467159
168.089467159
168.089467159
168.089467159
168.089467159
167.566637068
167.566637068
167.566637068
167.566637068
167.566637068
167.566637068
167.566637068
167.566637068
167.566637068
167.566637068
167.566637068
167.566637068
167.566637068
167.324710407
166.801001108
166.801001108
166.801001108
166.801001108
166.801001108
166.801001108
166.801001108
166.801001108
166.559482457
166.559482457
166.559482457
166.559482457
166.559482457
166.559482457
166.034884359
166.034884359
166.034884359
166.034884359
166.034884359
166.034884359
166.034884359
166.034884359
166.034884359
166.034884359
166.034884359
166.034884359
166.034884359
166.034884359
166.559482457
166.559482457
166.559482457
166.559482457
166.559482457
166.559482457
166.801001108
167.324710407
167.324710407
167.324710407
167.324710407
167.324710407
167.324710407
167.566637068
167.566637068
167.566637068
167.566637068
167.566637068
167.566637068
167.566637068
167.566637068
167.566637068
167.566637068
167.566637068
167.566637068
167.566637068
167.566637068
167.566637068
167.566637068
167.566637068
167.566637068
167.566637068
167.566637068
167.566637068
167.566637068
167.042170563
167.042170563
167.042170563
167.042170563
167.042170563
167.042170563
167.566637068
167.566637068
167.566637068
167.566637068
167.566637068
167.566637068
167.566637068
167.566637068
168.089467159
168.089467159
168.089467159
168.089467159
