40.39
40.62
40.62
40.62
40.62
40.62
40.62
40.62
40.82
40.82
40.82
40.82
41.02
41.02
41.02
41.02
41.02
41.02
41.02
41.02
41.02
41.18
41.18
41.18
41.18
41.18
41.18
41.18
41.3
41.3
41.3
41.3
41.3
41.3
41.3
41.39
41.39
41.39
41.39
41.39
41.39
41.39
41.39
41.39
41.39
41.39
41.39
41.39
41.39
41.44
41.44
41.44
41.44
41.44
41.44
41.44
41.44
41.51
41.51
41.51
41.51
41.51
41.51
41.51
41.62
41.62
41.62
41.62
41.62
41.62
41.68
41.68
41.68
41.68
41.68
41.68
41.68
41.81
41.81
41.81
41.81
41.81
41.81
41.85
41.85
41.85
41.85
41.85
41.85
41.85
41.85
41.82
41.82
41.82
41.82
41.82
41.82
41.84
41.84
41.84
41.84
41.84
41.84
41.84
41.84
42.16
42.16
42.16
42.16
42.16
42.16
42.23
42.23
42.23
42.23
42.23
42.23
42.23
42.13
42.13
42.13
42.13
42.13
42.13
42.13
42.13
41.99
41.99
41.99
41.99
41.99
41.95
41.95
41.95
41.95
41.95
41.95
41.95
41.95
41.82
41.82
41.82
41.82
41.82
41.82
41.82
41.82
41.69
41.69
41.69
41.69
41.69
41.69
41.69
41.56
41.56
41.56
41.56
41.56
41.56
41.47
41.47
41.47
41.47
41.47
41.47
41.47
41.47
41.35
41.35
41.35
41.35
41.35
41.35
41.27
41.27
41.27
41.27
41.27
41.27
41.27
41.27
41.2
41.2
41.2
41.2
41.2
41.2
41.16
41.16
41.16
41.16
41.16
41.16
41.16
41.16
41.11
41.11
41.11
41.11
41.11
41.11
41.01
41.01
41.01
41.01
41.01
41.01
41.01
40.98
40.98
40.98
40.98
40.98
40.98
40.98
40.92
40.92
40.92
40.92
40.92
40.92
40.81
40.81
40.81
40.81
40.81
40.81
40.81
40.81
40.74
40.74
40.74
40.74
40.74
40.74
40.71
40.71
40.71
40.71
40.71
40.71
40.71
40.71
40.69
40.69
40.69
40.69
40.65
40.65
40.65
40.65
40.65
40.65
40.65
40.65
40.65
40.57
40.57
40.57
40.57
40.57
40.57
40.57
40.57
40.57
40.57
40.58
40.58
40.58
40.58
40.58
40.6
40.6
40.6
40.6
40.6
