170.466253122
170.466253122
169.707085816
168.203005167
168.203005167
168.203005167
168.203005167
168.203005167
168.203005167
167.699503642
167.699503642
167.699503642
167.699503642
167.699503642
167.699503642
167.699503642
167.194485863
166.693151943
166.693151943
166.693151943
166.693151943
166.693151943
166.693151943
166.440829028
165.435135053
165.435135053
165.435135053
165.435135053
165.435135053
165.435135053
164.929988423
164.929988423
164.929988423
164.929988423
164.679576312
164.679576312
164.679576312
164.177606286
163.673219206
163.673219206
163.673219206
163.673219206
163.673219206
163.673219206
162.919695354
161.404130363
161.404130363
161.404130363
161.404130363
161.404130363
161.404130363
160.895769635
160.895769635
160.39774297
160.39774297
160.39774297
160.39774297
160.39774297
159.647790022
159.141773566
159.141773566
159.141773566
159.141773566
159.141773566
159.141773566
159.141773566
159.141773566
158.891799987
158.891799987
158.891799987
158.891799987
158.891799987
158.384966798
158.384966798
158.384966798
158.384966798
158.384966798
158.384966798
158.634143011
160.152207677
160.152207677
160.152207677
160.152207677
160.152207677
160.152207677
160.152207677
159.647790022
159.647790022
159.647790022
159.647790022
159.647790022
159.647790022
159.397021612
158.891799987
158.891799987
158.891799987
158.891799987
158.891799987
158.891799987
158.891799987
158.891799987
158.891799987
158.891799987
158.891799987
158.891799987
158.891799987
160.880713819
167.408929391
167.408929391
167.408929391
167.408929391
167.408929391
167.408929391
168.390808364
168.390808364
169.678938275
169.678938275
169.678938275
169.678938275
169.678938275
169.678938275
170.95736279
171.948428268
171.948428268
171.948428268
171.948428268
171.948428268
172.46007826
172.46007826
172.46007826
172.46007826
172.46007826
172.46007826
172.46007826
173.478851257
175.461531075
175.461531075
175.461531075
175.461531075
175.461531075
175.461531075
174.967967422
174.967967422
175.479470228
175.479470228
175.479470228
175.479470228
175.479470228
175.734663336
176.230389746
176.230389746
176.230389746
176.230389746
176.230389746
176.230389746
176.230389746
176.230389746
176.741104068
176.741104068
176.741104068
176.741104068
176.741104068
176.99590862
177.492391807
177.492391807
177.492391807
177.492391807
177.492391807
177.492391807
177.492391807
176.99590862
176.99590862
176.99590862
176.99590862
176.99590862
176.99590862
176.99590862
176.99590862
176.99590862
176.99590862
176.99590862
176.99590862
176.99590862
176.99590862
176.498028847
176.498028847
176.498028847
176.498028847
176.498028847
176.498028847
176.498028847
176.498028847
176.498028847
176.498028847
176.498028847
176.498028847
176.498028847
176.243941046
176.243941046
176.243941046
176.243941046
176.243941046
176.243941046
176.243941046
175.745371615
175.745371615
175.745371615
175.745371615
175.745371615
175.745371615
175.745371615
176.243941046
176.243941046
176.243941046
176.243941046
176.243941046
176.243941046
175.989486407
175.491636792
175.491636792
175.491636792
175.491636792
175.491636792
175.491636792
175.23753458
174.239021981
174.239021981
174.239021981
174.239021981
174.239021981
174.239021981
174.239021981
174.239021981
174.239021981
174.239021981
174.239021981
174.239021981
174.239021981
174.239021981
174.738991508
174.738991508
174.738991508
174.738991508
174.738991508
174.738991508
174.738991508
174.738991508
174.738991508
174.738991508
174.738991508
174.738991508
174.738991508
174.485244265
173.986000769
173.986000769
173.986000769
173.986000769
173.986000769
173.986000769
172.983191259
172.983191259
172.478964824
172.478964824
172.478964824
172.478964824
172.478964824
172.979630506
172.979630506
172.979630506
172.979630506
172.979630506
172.979630506
172.979630506
172.979630506
172.979630506
172.979630506
172.979630506
