42.24
42.24
42.24
42.24
42.68
42.68
42.68
42.68
42.68
42.68
43.15
43.15
43.15
43.15
43.15
43.15
43.15
43.15
43.53
43.53
43.53
43.53
43.53
43.53
43.81
43.81
43.81
43.81
43.81
43.81
43.81
44.0
44.0
44.0
44.0
44.0
44.0
44.0
44.19
44.19
44.19
44.19
44.19
44.19
44.32
44.32
44.32
44.32
44.32
44.32
44.32
44.32
44.36
44.36
44.36
44.36
44.36
44.36
44.42
44.42
44.42
44.42
44.42
44.42
44.42
44.42
44.43
44.43
44.43
44.43
44.43
44.43
44.46
44.46
44.46
44.46
44.46
44.46
44.46
44.46
44.55
44.55
44.55
44.55
44.55
44.55
44.58
44.58
44.58
44.58
44.58
44.58
44.58
44.55
44.55
44.55
44.55
44.55
44.55
44.55
44.52
44.52
44.52
44.52
44.52
44.52
44.46
44.46
44.46
44.46
44.46
44.46
44.46
44.46
44.38
44.38
44.38
44.38
44.38
44.38
44.32
44.32
44.32
44.32
44.32
44.32
44.32
44.32
44.25
44.25
44.25
44.25
44.25
44.25
44.15
44.15
44.15
44.15
44.15
44.15
44.13
44.13
44.13
44.13
44.13
44.13
44.13
44.13
44.13
44.11
44.11
44.11
44.11
44.11
44.11
44.07
44.07
44.07
44.07
44.07
44.07
44.07
44.03
44.03
44.03
44.03
44.03
44.03
43.98
43.98
43.98
43.98
43.98
43.98
43.98
43.94
43.94
43.94
43.94
43.94
43.94
43.94
43.94
43.93
43.93
43.93
43.93
43.93
43.93
43.89
43.89
43.89
43.89
43.89
43.89
43.89
43.89
43.83
43.83
43.83
43.83
43.83
43.83
43.8
43.8
43.8
43.8
43.8
43.8
43.8
43.8
43.78
43.78
43.78
43.78
43.78
43.78
43.76
43.76
43.76
43.76
43.76
43.78
43.78
43.78
43.78
43.78
43.78
43.78
43.78
43.78
43.75
43.75
43.75
43.75
43.66
43.66
43.66
43.66
43.66
43.66
43.66
43.66
43.66
43.66
43.66
43.61
43.61
43.61
43.61
43.61
43.61
43.56
43.56
43.56
43.56
43.56
43.56
43.56
43.56
43.51
43.51
43.51
43.51
43.51
43.51
43.49
43.49
43.49
43.49
43.49
43.49
43.49
43.51
43.51
43.51
43.51
43.51
43.51
43.51
43.51
43.51
43.51
43.51
43.51
43.51
43.51
43.5
43.5
43.5
43.5
43.5
43.5
43.5
43.5
43.45
43.45
43.45
43.45
43.45
43.45
43.38
43.38
43.38
43.38
43.38
43.38
43.38
43.38
43.36
43.36
43.36
43.36
43.36
43.36
43.39
43.39
43.39
43.39
43.39
43.39
43.39
43.39
43.4
43.4
43.4
43.4
43.4
43.4
