19.34
19.34
19.34
19.34
19.34
19.34
19.34
19.34
19.34
19.33
19.33
19.33
19.33
19.33
19.32
19.32
19.32
19.32
19.32
19.32
19.32
19.3
19.3
19.3
19.3
19.3
19.3
19.3
19.3
19.29
19.29
19.29
19.29
19.29
19.27
19.27
19.27
19.27
19.27
19.27
19.27
19.27
19.27
19.24
19.24
19.24
19.24
19.24
19.23
19.23
19.23
19.23
19.23
19.23
19.23
19.23
19.23
19.23
19.23
19.23
19.23
19.23
19.24
19.24
19.24
19.24
19.24
19.24
19.24
19.24
19.24
19.23
19.23
19.23
19.23
19.23
19.22
19.22
19.22
19.22
19.22
19.22
19.22
19.22
19.22
19.22
19.22
19.22
19.22
19.22
19.22
19.22
19.23
19.23
19.23
19.23
19.25
19.25
19.25
19.25
19.25
19.25
19.25
19.25
19.25
19.25
19.25
19.25
19.25
19.25
19.23
19.23
19.23
19.23
19.23
19.23
19.23
19.23
19.23
19.2
19.2
19.2
19.2
19.2
19.17
19.17
19.17
19.17
19.17
19.17
19.17
19.17
19.17
19.14
19.14
19.14
19.14
19.14
19.13
19.13
19.13
19.13
19.13
19.13
19.13
19.11
19.11
19.11
19.11
19.11
19.11
19.11
19.11
19.11
19.1
19.1
19.1
19.1
19.1
19.1
19.1
19.1
19.1
19.1
19.1
19.1
19.1
19.1
19.1
19.1
19.1
19.1
19.1
19.1
19.1
19.1
19.1
19.1
19.1
19.11
19.11
19.11
19.11
19.11
19.11
19.11
19.11
19.11
19.13
19.13
19.13
19.13
19.13
19.14
19.14
19.14
19.14
19.14
19.14
19.14
19.14
19.14
19.17
19.17
19.17
19.17
19.17
19.18
19.18
19.18
19.18
19.18
19.18
19.18
19.18
19.18
19.2
19.2
19.2
19.2
19.2
19.2
19.2
19.2
19.2
19.22
19.22
19.22
19.22
19.22
19.24
19.24
19.24
19.24
19.24
19.24
19.24
19.24
19.23
19.23
19.23
19.23
19.21
19.21
19.21
19.21
19.21
19.21
19.21
19.21
19.21
19.19
19.19
19.19
19.19
19.19
19.19
19.17
19.17
19.17
19.17
19.17
19.17
19.15
19.15
19.15
19.15
19.15
19.15
19.15
19.15
19.15
19.14
19.14
19.14
19.14
19.14
19.14
19.14
19.14
19.14
19.14
19.14
19.14
19.14
19.14
19.13
19.13
19.13
19.13
19.13
19.12
19.12
19.12
19.12
19.12
19.12
19.12
19.12
19.12
19.12
19.12
19.12
19.12
19.12
19.12
19.12
19.12
19.12
19.12
19.12
19.12
19.12
19.12
19.11
19.11
19.11
19.11
19.11
19.11
19.09
19.09
19.09
19.09
19.09
19.09
19.07
19.07
19.07
