172.726230281
172.726230281
172.726230281
172.726230281
172.726230281
172.726230281
172.979630506
173.478851257
173.478851257
173.478851257
173.478851257
173.478851257
173.478851257
172.979630506
172.979630506
172.979630506
172.979630506
172.979630506
172.979630506
172.979630506
172.979630506
173.478851257
173.478851257
173.478851257
173.478851257
173.478851257
173.478851257
173.478851257
173.478851257
173.478851257
173.478851257
173.478851257
173.478851257
173.478851257
173.478851257
172.979630506
172.979630506
172.979630506
172.979630506
172.979630506
172.979630506
172.726230281
172.226298031
172.226298031
172.226298031
172.226298031
172.226298031
172.226298031
172.478964824
172.478964824
172.478964824
172.478964824
172.478964824
172.478964824
172.478964824
172.731262027
173.232660069
173.232660069
173.232660069
173.232660069
173.232660069
173.232660069
174.728221572
174.728221572
174.983063377
174.983063377
174.983063377
174.983063377
174.983063377
174.983063377
173.986000769
173.986000769
173.986000769
173.986000769
173.986000769
173.986000769
172.983191259
172.983191259
172.983191259
172.983191259
172.731262027
172.731262027
172.731262027
172.731262027
172.731262027
172.478964824
172.478964824
172.478964824
172.478964824
172.478964824
172.226298031
171.724910364
171.724910364
171.724910364
171.724910364
171.724910364
171.724910364
172.726230281
172.726230281
172.979630506
172.979630506
172.979630506
172.979630506
172.979630506
173.232660069
173.732611066
173.732611066
173.732611066
173.732611066
173.732611066
173.732611066
173.732611066
173.232660069
173.232660069
173.232660069
173.232660069
173.232660069
173.232660069
173.232660069
173.232660069
173.232660069
173.232660069
173.232660069
173.232660069
173.232660069
173.485320592
173.986000769
173.986000769
173.986000769
173.986000769
173.986000769
173.986000769
173.485320592
173.485320592
173.485320592
173.485320592
173.485320592
173.485320592
173.485320592
173.737613684
174.239021981
174.239021981
174.239021981
174.239021981
174.239021981
174.239021981
174.738991508
174.738991508
174.738991508
174.738991508
174.738991508
174.738991508
174.738991508
174.485244265
173.485320592
173.485320592
173.485320592
173.485320592
173.485320592
173.485320592
173.737613684
174.239021981
174.239021981
174.239021981
174.239021981
174.239021981
174.239021981
173.732611066
172.731262027
172.731262027
172.731262027
172.731262027
172.731262027
172.731262027
172.731262027
172.731262027
172.731262027
172.731262027
172.731262027
172.731262027
172.731262027
172.731262027
172.731262027
172.731262027
172.731262027
172.731262027
172.731262027
172.731262027
172.731262027
172.228404302
172.228404302
172.228404302
172.228404302
172.228404302
172.228404302
172.228404302
172.228404302
172.228404302
172.228404302
172.228404302
172.228404302
172.731262027
172.731262027
172.731262027
172.731262027
172.731262027
172.731262027
172.731262027
173.234754124
173.234754124
173.234754124
173.234754124
173.234754124
173.737613684
173.737613684
173.737613684
173.737613684
173.737613684
173.737613684
173.737613684
173.737613684
173.737613684
174.239021981
174.239021981
174.491676306
174.491676306
174.491676306
174.491676306
174.491676306
174.491676306
174.491676306
174.491676306
174.491676306
174.491676306
174.491676306
174.491676306
173.989540944
173.989540944
173.737613684
173.737613684
173.737613684
173.737613684
173.737613684
173.485320592
172.983191259
172.983191259
172.983191259
172.983191259
172.983191259
172.983191259
172.731262027
171.218258321
171.218258321
171.218258321
171.218258321
171.218258321
171.218258321
171.467980831
172.479600114
172.479600114
172.479600114
172.479600114
172.479600114
172.479600114
172.228404302
171.724074071
171.724074071
171.724074071
171.724074071
171.724074071
171.218258321
170.717717452
170.717717452
170.717717452
170.717717452
170.717717452
170.717717452
170.717717452
170.717717452
170.717717452
170.717717452
170.717717452
170.717717452
170.717717452
170.215704704
169.711360767
169.711360767
169.711360767
169.711360767
170.718558694
170.718558694
170.718558694
171.222054496
171.222054496
171.222054496
171.222054496
171.222054496
171.222054496
173.224719717
173.732611066
173.732611066
173.732611066
173.732611066
173.732611066
173.732611066
173.986000769
173.485320592
173.485320592
173.485320592
173.485320592
173.485320592
173.485320592
173.485320592
173.485320592
173.737613684
173.737613684
173.737613684
173.737613684
173.989540944
174.491676306
174.491676306
174.491676306
174.491676306
174.491676306
174.491676306
174.491676306
173.485952215
173.234754124
173.234754124
173.234754124
173.234754124
173.234754124
173.234754124
172.983191259
172.479600114
172.479600114
172.479600114
172.479600114
172.479600114
172.479600114
172.479600114
