42.6
42.6
42.6
42.6
42.6
42.6
42.6
42.03
42.03
42.03
42.03
42.03
42.03
42.03
41.63
41.63
41.63
41.63
41.63
41.63
41.43
41.43
41.43
41.43
41.43
41.43
41.43
41.43
41.34
41.34
41.34
41.34
41.34
41.34
41.34
41.44
41.44
41.44
41.44
41.44
41.44
41.62
41.62
41.62
41.62
41.62
41.62
41.62
41.62
41.84
41.84
41.84
41.84
41.84
41.84
41.84
42.17
42.17
42.17
42.17
42.17
42.17
42.55
42.55
42.55
42.55
42.55
42.55
42.55
42.55
42.95
42.95
42.95
42.95
42.95
42.95
43.41
43.41
43.41
43.41
43.41
43.41
43.41
43.91
43.91
43.91
43.91
43.91
43.91
44.41
44.41
44.41
44.41
44.41
44.41
44.41
44.41
44.89
44.89
44.89
44.89
44.89
44.89
45.4
45.4
45.4
45.4
45.4
45.4
45.4
45.93
45.93
45.93
45.93
45.93
45.93
45.93
45.93
46.41
46.41
46.41
46.41
46.41
46.41
46.92
46.92
46.92
46.92
46.92
46.92
46.92
47.4
47.4
47.4
47.4
47.4
47.4
47.4
47.4
47.95
47.95
47.95
47.95
47.95
47.95
48.48
48.48
48.48
48.48
48.48
48.48
48.48
48.98
48.98
48.98
48.98
48.98
48.98
49.44
49.44
49.44
49.44
49.44
49.44
49.44
49.44
49.95
49.95
49.95
49.95
49.95
49.95
50.39
50.39
50.39
50.39
50.39
50.39
50.39
50.39
50.86
50.86
50.86
50.86
50.86
51.36
51.36
51.36
51.36
51.36
51.36
51.36
51.36
51.85
51.85
51.85
51.85
51.85
51.85
51.85
52.38
52.38
52.38
52.38
52.38
52.38
52.38
52.38
52.8
52.8
52.8
52.8
52.8
52.8
53.18
53.18
53.18
53.18
53.18
53.18
53.18
53.62
53.62
53.62
53.62
53.62
53.62
54.08
54.08
54.08
54.08
54.08
54.08
54.08
54.08
54.52
54.52
54.52
54.52
54.52
54.52
54.95
54.95
54.95
54.95
54.95
54.95
54.95
55.36
55.36
55.36
55.36
55.75
55.75
55.75
55.75
55.75
55.75
55.75
55.75
55.75
55.75
55.75
56.1
56.1
56.1
56.1
56.1
56.1
56.51
56.51
56.51
56.51
56.51
56.51
56.51
56.51
56.9
56.9
56.9
56.9
56.9
56.9
57.21
57.21
57.21
57.21
57.21
57.21
57.54
57.54
57.54
57.54
57.54
57.54
57.54
57.54
57.89
57.89
57.89
57.89
57.89
57.89
58.21
58.21
58.21
58.21
58.21
58.21
58.21
58.21
58.46
58.46
58.46
58.46
58.46
58.46
58.75
58.75
58.75
58.75
58.75
58.75
58.75
58.75
59.07
59.07
59.07
59.07
59.07
59.07
59.36
59.36
59.36
59.36
59.36
59.36
59.36
59.36
59.68
59.68
59.68
59.68
59.68
59.68
59.68
60.04
60.04
60.04
60.04
60.04
60.04
60.34
60.34
60.34
60.34
60.34
60.34
60.34
60.52
60.52
60.52
60.52
60.52
60.52
60.78
60.78
60.78
60.78
60.78
60.78
60.78
60.78
61.06
61.06
61.06
61.06
61.06
61.06
61.3
61.3
61.3
61.3
61.3
61.3
61.3
61.48
61.48
61.48
61.48
61.48
61.48
61.48
61.48
61.74
61.74
61.74
61.74
61.74
61.74
61.74
61.95
61.95
61.95
61.95
61.95
61.95
62.15
62.15
62.15
62.15
62.15
62.15
62.39
62.39
62.39
62.39
62.39
62.39
62.39
62.39
62.39
62.57
62.57
62.57
62.57
62.57
62.57
62.82
62.82
62.82
62.82
62.82
62.82
62.82
62.82
63.1
63.1
63.1
63.1
63.1
63.1
63.1
63.28
63.28
63.28
63.28
63.28
63.28
63.45
63.45
63.45
63.45
63.45
63.45
63.45
63.45
63.6
63.6
63.6
63.6
63.6
63.6
63.79
63.79
63.79
63.79
63.79
63.79
63.79
63.79
63.9
63.9
63.9
63.9
63.9
63.9
64.09
64.09
64.09
64.09
64.09
64.09
64.27
64.27
64.27
64.27
64.27
64.27
64.27
64.27
64.53
64.53
64.53
64.53
64.53
64.53
64.8
64.8
64.8
64.8
64.8
64.8
64.8
64.8
64.98
64.98
64.98
64.98
64.98
64.98
65.18
65.18
65.18
65.18
65.18
65.18
65.18
65.18
65.42
65.42
65.42
65.42
65.42
65.42
65.42
66.46
66.46
66.46
66.46
66.46
66.46
67.69
67.69
67.69
67.69
