166.559482457
166.559482457
166.801001108
167.324710407
167.324710407
167.324710407
167.324710407
167.324710407
167.324710407
167.324710407
167.324710407
167.324710407
167.324710407
167.846785655
167.846785655
167.846785655
168.089467159
168.089467159
168.089467159
168.089467159
168.089467159
168.089467159
167.566637068
167.566637068
167.566637068
167.566637068
167.566637068
167.566637068
167.566637068
167.566637068
167.566637068
167.566637068
167.566637068
167.566637068
168.089467159
168.089467159
168.089467159
168.331798797
168.331798797
168.331798797
168.331798797
168.331798797
168.331798797
168.331798797
168.331798797
168.331798797
168.331798797
168.331798797
168.331798797
168.331798797
168.331798797
167.808214951
167.808214951
167.808214951
167.808214951
167.808214951
167.808214951
168.331798797
168.331798797
168.331798797
168.331798797
168.331798797
168.331798797
168.331798797
168.331798797
167.808214951
167.808214951
167.808214951
167.808214951
167.808214951
167.808214951
167.808214951
167.808214951
167.808214951
167.808214951
167.808214951
167.808214951
167.808214951
167.808214951
167.808214951
167.808214951
167.808214951
167.808214951
167.808214951
167.808214951
167.808214951
167.808214951
167.808214951
167.808214951
167.808214951
167.808214951
167.808214951
167.808214951
167.808214951
167.808214951
167.808214951
167.808214951
167.808214951
167.566637068
167.566637068
167.566637068
167.566637068
167.566637068
167.566637068
167.566637068
167.566637068
167.566637068
167.566637068
167.566637068
167.566637068
167.566637068
167.566637068
167.566637068
167.566637068
167.808214951
167.808214951
167.808214951
167.808214951
167.808214951
167.808214951
167.808214951
167.808214951
167.808214951
167.808214951
167.808214951
167.808214951
167.808214951
167.808214951
167.808214951
167.808214951
167.808214951
167.808214951
167.808214951
167.808214951
167.282992333
167.282992333
167.282992333
167.282992333
167.282992333
167.282992333
167.282992333
167.808214951
167.808214951
167.808214951
167.808214951
167.808214951
167.566637068
167.042170563
167.042170563
167.042170563
167.042170563
167.042170563
167.042170563
167.042170563
167.042170563
167.042170563
167.042170563
167.042170563
167.042170563
167.042170563
167.042170563
167.042170563
167.042170563
167.042170563
167.042170563
167.042170563
167.042170563
167.042170563
167.042170563
167.042170563
167.042170563
167.042170563
167.042170563
167.042170563
167.042170563
167.042170563
167.042170563
167.042170563
167.042170563
167.042170563
167.042170563
167.042170563
167.042170563
167.042170563
167.042170563
167.042170563
167.042170563
167.042170563
167.042170563
166.516052184
166.516052184
166.516052184
166.516052184
166.516052184
166.516052184
167.042170563
167.042170563
167.282992333
167.282992333
167.282992333
167.282992333
167.282992333
167.282992333
166.756115458
166.756115458
166.756115458
166.756115458
166.756115458
166.756115458
166.516052184
165.988266222
165.988266222
165.988266222
165.988266222
165.988266222
165.748618356
165.219913282
165.219913282
165.219913282
165.219913282
165.219913282
165.219913282
165.219913282
164.689510907
164.689510907
164.689510907
164.689510907
164.689510907
164.689510907
164.451049578
164.451049578
164.451049578
164.451049578
164.451049578
164.451049578
164.451049578
164.451049578
164.451049578
164.451049578
164.451049578
164.451049578
164.451049578
164.451049578
164.451049578
164.451049578
164.451049578
164.451049578
164.451049578
164.451049578
164.451049578
164.451049578
164.451049578
164.451049578
164.451049578
164.451049578
164.451049578
164.451049578
164.689510907
164.689510907
164.689510907
164.689510907
164.689510907
164.689510907
164.689510907
164.689510907
164.689510907
164.689510907
164.689510907
164.689510907
164.689510907
164.689510907
164.689510907
164.689510907
164.689510907
164.689510907
164.689510907
164.689510907
164.689510907
164.689510907
164.689510907
164.689510907
164.689510907
164.689510907
164.689510907
164.15739478
164.15739478
164.394741973
164.394741973
164.394741973
164.394741973
164.394741973
164.394741973
164.927627461
164.927627461
164.927627461
164.927627461
164.927627461
164.927627461
165.165400731
165.697335766
165.697335766
165.697335766
165.697335766
165.697335766
165.697335766
165.935531908
165.935531908
165.935531908
165.935531908
165.935531908
165.935531908
165.935531908
165.935531908
165.402832197
165.402832197
165.402832197
165.402832197
165.402832197
165.402832197
165.402832197
165.402832197
165.402832197
165.402832197
165.402832197
165.402832197
165.402832197
165.402832197
165.402832197
165.402832197
165.402832197
165.402832197
165.402832197
165.402832197
165.402832197
165.402832197
165.639923328
165.639923328
165.639923328
165.639923328
165.639923328
165.639923328
165.639923328
165.639923328
165.639923328
165.639923328
165.639923328
165.639923328
165.639923328
165.639923328
165.639923328
165.639923328
165.639923328
165.639923328
165.639923328
165.104736393
165.104736393
165.104736393
165.104736393
165.104736393
165.104736393
164.868411309
164.332252454
164.332252454
164.332252454
164.332252454
164.332252454
164.332252454
164.332252454
164.332252454
164.332252454
164.332252454
164.332252454
164.332252454
164.332252454
164.332252454
164.332252454
164.332252454
164.332252454
164.332252454
164.332252454
164.332252454
163.794338564
163.794338564
163.794338564
163.794338564
163.55921605
163.55921605
163.55921605
163.55921605
163.020304482
163.020304482
163.020304482
163.020304482
163.020304482
163.020304482
162.785619308
162.785619308
162.785619308
162.785619308
162.785619308
162.785619308
162.785619308
162.785619308
162.785619308
162.785619308
162.785619308
162.785619308
162.785619308
162.785619308
162.785619308
163.020304482
163.020304482
163.020304482
163.020304482
163.020304482
163.020304482
163.020304482
163.020304482
163.020304482
163.020304482
163.020304482
163.020304482
163.020304482
162.785619308
162.785619308
162.785619308
162.785619308
162.785619308
162.785619308
162.785619308
162.785619308
162.785619308
163.020304482
163.020304482
163.020304482
163.020304482
163.020304482
163.020304482
163.020304482
163.020304482
163.020304482
163.020304482
163.020304482
163.020304482
163.020304482
163.020304482
163.020304482
163.020304482
163.020304482
163.020304482
163.020304482
163.254652291
163.254652291
163.254652291
163.254652291
163.254652291
163.254652291
163.254652291
163.020304482
162.479605466
162.479605466
162.479605466
162.479605466
162.479605466
162.479605466
162.245698686
161.703975308
161.703975308
161.703975308
161.703975308
161.703975308
161.703975308
161.470512946
160.927753384
160.927753384
160.927753384
160.927753384
160.927753384
160.927753384
160.694738872
160.694738872
160.694738872
160.694738872
160.694738872
160.694738872
160.694738872
160.694738872
160.150931089
160.150931089
160.150931089
160.150931089
160.150931089
160.150931089
160.150931089
160.150931089
160.150931089
160.150931089
160.150931089
160.150931089
160.150931089
160.150931089
160.150931089
160.150931089
160.150931089
160.150931089
160.150931089
160.383157056
160.927753384
160.927753384
160.927753384
160.927753384
160.927753384
160.927753384
160.383157056
160.383157056
160.383157056
160.383157056
160.383157056
160.383157056
160.383157056
160.615047263
161.160430996
161.160430996
161.160430996
161.160430996
161.160430996
161.160430996
161.160430996
161.160430996
161.160430996
161.160430996
161.160430996
161.160430996
161.160430996
161.392773164
161.392773164
