40.57
40.57
40.57
40.57
40.57
40.47
40.47
40.47
40.47
40.47
40.47
39.77
39.77
39.77
39.77
39.77
39.77
39.77
39.14
39.14
39.14
39.14
39.14
39.14
39.14
39.14
38.69
38.69
38.69
38.69
38.69
38.69
38.43
38.43
38.43
38.43
38.43
38.43
38.43
38.43
38.35
38.35
38.35
38.35
38.35
38.35
38.43
38.43
38.43
38.43
38.43
38.43
38.43
38.43
38.69
38.69
38.69
38.69
38.69
38.69
39.0
39.0
39.0
39.0
39.0
39.0
39.0
39.0
39.3
39.3
39.3
39.3
39.3
39.3
39.55
39.55
39.55
39.55
39.55
39.55
39.55
39.96
39.96
39.96
39.96
39.96
39.96
39.96
39.96
40.42
40.42
40.42
40.42
40.42
40.42
40.42
40.93
40.93
40.93
40.93
40.93
40.93
41.49
41.49
41.49
41.49
41.49
41.49
41.49
41.49
41.91
41.91
41.91
41.91
41.91
41.91
42.39
42.39
42.39
42.39
42.39
42.39
42.39
42.39
42.95
42.95
42.95
42.95
42.95
42.95
43.45
43.45
43.45
43.45
43.45
43.45
43.45
43.45
44.02
44.02
44.02
44.02
44.02
44.02
44.57
44.57
44.57
44.57
44.57
44.57
44.57
45.0
45.0
45.0
45.0
45.0
45.0
45.0
45.0
45.5
45.5
45.5
45.5
45.5
45.5
46.04
46.04
46.04
46.04
46.04
46.04
46.04
46.04
46.51
46.51
46.51
46.51
46.51
46.51
47.01
47.01
47.01
47.01
47.01
47.01
47.01
47.01
47.47
47.47
47.47
47.47
47.96
47.96
47.96
47.96
47.96
47.96
47.96
47.96
47.96
48.45
48.45
48.45
48.45
48.45
48.45
48.45
48.84
48.84
48.84
48.84
48.84
48.84
48.84
49.33
49.33
49.33
49.33
49.33
49.33
49.75
49.75
49.75
49.75
49.75
49.75
49.75
49.75
50.12
50.12
50.12
50.12
50.12
50.12
50.12
50.52
50.52
50.52
50.52
50.52
50.52
50.92
50.92
50.92
50.92
50.92
50.92
50.92
50.92
51.24
51.24
51.24
51.24
51.24
51.24
51.74
51.74
51.74
51.74
51.74
51.74
51.74
51.74
52.19
52.19
52.19
52.19
52.19
52.19
52.51
52.51
52.51
52.51
52.51
52.51
52.51
52.51
52.51
52.88
52.88
52.88
52.88
52.88
53.26
53.26
53.26
53.26
53.26
53.26
53.26
53.68
53.68
53.68
53.68
53.68
53.68
54.23
54.23
54.23
54.23
54.23
54.23
54.23
54.23
54.52
54.52
54.52
54.52
54.52
54.52
54.75
54.75
54.75
54.75
54.75
54.75
54.75
54.75
54.75
54.75
55.01
55.01
55.18
55.18
55.18
55.18
55.18
55.18
55.18
55.18
55.18
55.18
55.45
55.45
55.45
55.45
55.45
55.45
55.72
55.72
55.72
