19.1
19.1
19.1
19.1
19.1
19.1
19.1
19.1
19.1
19.1
19.1
19.1
19.11
19.11
19.11
19.11
19.11
19.11
19.11
19.12
19.12
19.12
19.12
19.12
19.11
19.11
19.11
19.11
19.11
19.11
19.11
19.11
19.11
19.11
19.11
19.11
19.11
19.11
19.11
19.11
19.11
19.11
19.11
19.11
19.11
19.11
19.11
19.11
19.11
19.11
19.11
19.11
19.11
19.11
19.11
19.11
19.11
19.11
19.11
19.11
19.11
19.1
19.1
19.1
19.1
19.1
19.08
19.08
19.08
19.08
19.08
19.08
19.08
19.08
19.08
19.07
19.07
19.07
19.07
19.06
19.06
19.06
19.06
19.06
19.06
19.06
19.06
19.06
19.06
19.06
19.06
19.06
19.06
19.07
19.07
19.07
19.07
19.07
19.07
19.07
19.07
19.07
19.06
19.06
19.06
19.06
19.06
19.06
19.06
19.06
19.06
19.06
19.06
19.06
19.06
19.06
19.06
19.06
19.06
19.06
19.06
19.06
19.06
19.06
19.06
19.06
19.06
19.06
19.06
19.06
19.06
19.06
19.06
19.06
19.06
19.05
19.05
19.05
19.05
19.05
19.05
19.05
19.05
19.05
19.04
19.04
19.04
19.04
19.04
19.04
19.04
19.04
19.04
19.04
19.04
19.04
19.04
19.02
19.02
19.02
19.02
19.02
19.01
19.01
19.01
19.01
19.01
19.01
19.01
19.01
19.01
19.0
19.0
19.0
19.0
19.0
19.0
19.0
19.0
19.0
19.0
19.0
19.0
19.0
19.0
19.0
19.0
19.0
19.0
19.0
19.0
19.0
19.0
19.0
19.0
19.0
19.0
19.0
19.0
18.99
18.99
18.99
18.99
18.99
18.98
18.98
18.98
18.98
18.98
18.98
18.98
18.98
18.98
18.97
18.97
18.97
18.97
18.96
18.96
18.96
18.96
18.96
18.96
18.96
18.96
18.96
18.96
18.96
18.96
18.96
18.96
18.96
18.96
18.96
18.96
18.96
18.96
18.96
18.96
18.96
18.97
18.97
18.97
18.97
18.97
18.98
18.98
18.98
18.98
18.98
18.98
18.98
18.98
18.98
18.98
18.99
18.99
18.99
18.99
18.99
18.99
18.99
18.99
18.99
18.99
18.99
18.99
18.99
18.99
18.99
18.99
18.99
18.99
18.99
19.0
19.0
19.0
19.0
19.0
19.0
18.99
18.99
18.99
18.99
18.99
18.99
18.99
18.99
18.98
18.98
18.98
18.98
18.98
18.97
18.97
18.97
18.97
18.97
18.97
18.97
18.97
18.97
18.96
18.96
18.96
18.96
18.96
18.94
18.94
18.94
18.94
18.94
18.94
18.94
18.94
18.94
18.94
18.94
18.94
18.94
18.94
18.93
18.93
18.93
18.93
18.93
18.93
18.93
18.93
18.93
18.91
18.91
18.91
18.91
18.91
18.91
18.91
18.89
18.89
18.89
18.89
18.89
18.87
18.87
18.87
18.87
18.87
18.87
18.87
18.87
18.87
18.84
18.84
18.84
18.84
18.84
18.84
18.84
18.84
18.84
18.84
18.84
18.84
18.84
18.86
18.86
18.86
18.86
18.86
18.88
18.88
18.88
18.88
18.88
18.88
18.88
18.88
18.88
18.91
18.91
18.91
18.91
18.91
18.93
18.93
18.93
18.93
18.93
18.93
18.93
18.94
18.94
18.94
18.94
18.94
18.94
18.94
18.94
18.94
18.94
18.94
18.94
18.94
18.94
18.94
18.94
18.97
18.97
18.97
18.97
18.97
18.97
18.97
18.97
18.97
18.97
18.97
18.97
18.98
18.98
18.98
18.98
18.98
18.98
18.98
18.98
18.98
18.98
18.98
18.98
18.98
18.98
18.98
18.98
18.98
18.98
18.98
18.98
18.98
18.98
18.98
18.98
18.98
18.98
18.98
18.98
18.98
18.98
18.98
18.98
18.98
18.98
18.98
19.0
19.0
19.0
19.0
19.0
19.0
19.0
19.0
19.0
19.0
19.0
19.0
19.0
19.0
19.0
19.0
19.0
19.0
19.0
19.0
19.0
19.0
19.0
18.99
18.99
18.99
18.99
18.99
18.98
18.98
18.98
18.98
18.98
18.98
18.98
18.97
18.97
18.97
18.97
18.97
18.97
18.97
18.97
18.97
18.97
18.97
18.97
18.97
18.97
18.97
18.97
18.97
18.97
18.97
18.97
18.98
18.98
18.98
18.98
18.98
18.98
18.98
18.98
18.98
18.97
18.97
18.97
18.97
18.97
18.96
18.96
18.96
18.96
18.96
18.96
18.96
18.96
18.96
18.96
18.96
18.96
18.96
18.96
