172.730430625
172.730430625
172.730430625
172.730430625
173.234754124
173.234754124
173.234754124
173.234754124
173.234754124
173.234754124
173.234754124
172.730430625
172.730430625
172.730430625
172.730430625
172.730430625
172.730430625
172.228404302
171.218258321
171.218258321
171.218258321
171.218258321
171.218258321
171.218258321
171.218258321
170.710943848
170.710943848
170.710943848
170.710943848
170.710943848
170.710943848
170.959926437
171.974534315
171.974534315
171.974534315
171.974534315
171.974534315
171.974534315
171.724074071
171.724074071
171.724074071
171.724074071
171.724074071
171.724074071
171.724074071
171.218258321
171.218258321
171.218258321
171.218258321
171.218258321
171.218258321
171.218258321
171.218258321
171.724074071
171.724074071
171.724074071
171.724074071
171.724074071
171.724074071
171.473248
170.968171062
170.968171062
170.968171062
170.968171062
170.968171062
170.968171062
170.968171062
170.968171062
170.968171062
170.968171062
170.968171062
170.968171062
170.717717452
169.195686619
169.195686619
169.195686619
169.195686619
169.195686619
169.195686619
170.211886066
170.211886066
170.211886066
170.211886066
170.211886066
170.211886066
170.211886066
170.211886066
169.195686619
169.195686619
169.195686619
169.195686619
169.195686619
169.195686619
168.698149558
168.698149558
168.698149558
168.698149558
168.698149558
168.698149558
168.698149558
168.698149558
168.189255036
168.189255036
168.189255036
168.189255036
168.189255036
168.189255036
167.940687531
167.431002934
167.431002934
167.431002934
167.431002934
167.431002934
167.431002934
166.406950496
166.406950496
165.913258763
165.913258763
165.913258763
165.913258763
165.913258763
165.665861195
165.665861195
165.665861195
165.665861195
165.665861195
165.665861195
165.665861195
165.665861195
165.665861195
165.665861195
165.665861195
165.665861195
165.665861195
165.665861195
166.176388942
166.176388942
166.176388942
166.176388942
166.176388942
166.176388942
166.176388942
165.665861195
165.665861195
165.665861195
165.665861195
165.665861195
165.665861195
165.913258763
166.424548908
166.424548908
166.424548908
166.424548908
166.424548908
166.424548908
166.919762036
168.448829955
168.448829955
168.448829955
168.448829955
168.448829955
168.448829955
168.698149558
168.698149558
168.698149558
168.698149558
168.698149558
168.698149558
168.189255036
168.189255036
168.437455729
168.437455729
168.437455729
168.437455729
168.437455729
168.437455729
168.685291228
169.704546976
169.704546976
169.704546976
169.704546976
169.704546976
169.704546976
170.211886066
170.46159759
170.46159759
170.46159759
170.46159759
170.46159759
170.46159759
170.46159759
169.953514202
169.953514202
169.953514202
169.953514202
169.953514202
169.953514202
168.932763142
168.932763142
168.685291228
168.685291228
168.685291228
168.685291228
168.685291228
168.685291228
168.685291228
168.932763142
168.932763142
168.932763142
168.932763142
168.932763142
168.685291228
168.685291228
168.685291228
168.685291228
168.685291228
168.685291228
168.685291228
168.685291228
168.685291228
168.685291228
168.685291228
168.685291228
168.685291228
168.685291228
168.685291228
168.173346827
168.173346827
168.173346827
168.173346827
168.173346827
168.173346827
167.926263485
167.926263485
167.926263485
167.926263485
167.926263485
167.926263485
167.926263485
167.926263485
167.926263485
167.926263485
167.926263485
167.926263485
167.926263485
167.926263485
167.678816059
167.166818479
167.166818479
167.166818479
167.166818479
167.166818479
167.166818479
167.166818479
167.166818479
167.166818479
167.166818479
167.166818479
167.166818479
167.166818479
167.413510339
167.926263485
167.926263485
167.926263485
167.926263485
167.926263485
167.926263485
167.926263485
167.926263485
167.926263485
167.926263485
167.926263485
167.926263485
167.926263485
167.413510339
167.413510339
167.413510339
167.413510339
167.413510339
167.413510339
167.413510339
167.413510339
167.413510339
167.413510339
167.413510339
167.413510339
167.413510339
167.926263485
167.926263485
167.926263485
167.926263485
167.926263485
167.926263485
167.926263485
167.926263485
166.383263568
166.383263568
166.138089826
166.138089826
166.138089826
166.138089826
166.138089826
166.138089826
165.646653715
165.131421818
165.131421818
165.131421818
165.131421818
165.131421818
165.131421818
165.131421818
165.131421818
165.131421818
165.131421818
165.131421818
165.131421818
167.182822483
167.182822483
167.678816059
167.678816059
167.678816059
167.678816059
167.678816059
167.678816059
168.173346827
168.173346827
168.173346827
168.173346827
168.173346827
168.173346827
168.173346827
168.173346827
168.173346827
168.173346827
168.173346827
168.173346827
168.173346827
168.173346827
167.659839226
167.659839226
167.659839226
