69.55
69.55
69.55
69.55
69.55
69.55
69.55
69.55
70.1
70.1
70.1
70.1
70.1
70.1
70.58
70.58
70.58
70.58
70.58
70.58
70.58
70.58
71.05
71.05
71.05
71.05
71.05
71.05
71.36
71.36
71.36
71.36
71.36
71.36
71.36
71.64
71.64
71.64
71.64
71.64
71.64
71.64
71.64
71.97
71.97
71.97
71.97
71.97
71.97
72.17
72.17
72.17
72.17
72.17
72.17
72.17
72.17
72.47
72.47
72.47
72.47
72.47
72.47
72.62
72.62
72.62
72.62
72.62
72.62
72.62
72.62
72.77
72.77
72.77
72.77
72.77
72.77
72.86
72.86
72.86
72.86
72.86
72.86
72.86
72.99
72.99
72.99
72.99
72.99
72.99
73.07
73.07
73.07
73.07
73.07
73.07
73.07
73.1
73.1
73.1
73.1
73.1
73.1
73.1
73.1
73.16
73.16
73.16
73.16
73.16
73.16
73.16
73.17
73.17
73.17
73.17
73.17
73.17
73.22
73.22
73.22
73.22
73.22
73.22
73.22
73.22
73.37
73.37
73.37
73.37
73.37
73.37
73.53
73.53
73.53
73.53
73.53
73.53
73.53
73.53
73.53
73.53
73.53
73.53
73.53
73.53
73.49
73.49
73.49
73.49
73.49
73.49
73.49
73.5
73.5
73.5
73.5
73.5
73.5
73.57
73.57
73.57
73.57
73.57
73.57
73.57
73.7
73.7
73.7
73.7
73.7
73.7
73.7
73.7
73.71
73.71
73.71
73.71
73.71
73.71
73.71
73.8
73.8
73.8
73.8
73.8
73.8
73.93
73.93
73.93
73.93
73.93
73.93
73.93
73.93
74.0
74.0
74.0
74.0
74.0
74.0
74.09
74.09
74.09
74.09
74.09
74.09
74.09
74.09
74.16
74.16
74.16
74.16
74.16
74.16
74.2
74.2
74.2
74.2
74.2
74.2
74.2
74.3
74.3
74.3
74.3
74.3
74.3
74.35
74.35
74.35
74.35
74.35
74.35
74.35
74.35
74.29
74.29
74.29
74.29
74.29
74.29
74.29
74.26
74.26
74.26
74.26
74.26
74.26
74.32
74.32
74.32
74.32
74.32
74.32
74.32
74.32
74.28
74.28
74.28
74.28
74.28
74.28
74.23
74.23
74.23
74.23
74.23
74.23
74.23
74.23
74.3
74.3
74.3
74.3
74.3
74.3
74.34
74.34
74.34
74.34
74.34
74.34
74.34
74.34
74.34
74.34
74.34
74.34
