18.95
18.95
18.95
18.95
18.96
18.96
18.96
18.96
18.96
18.96
18.96
18.96
18.96
18.96
18.96
18.96
18.96
18.96
18.96
18.97
18.97
18.97
18.97
18.97
18.97
18.98
18.98
18.98
18.98
18.98
18.98
18.98
18.98
18.98
18.99
18.99
18.99
18.99
18.99
19.0
19.0
19.0
19.0
19.0
19.0
19.0
19.0
19.0
19.0
19.0
19.0
19.0
19.0
18.98
18.98
18.98
18.98
18.98
18.98
18.98
18.98
18.98
18.98
18.98
18.98
18.98
18.98
18.96
18.96
18.96
18.96
18.96
18.96
18.96
18.96
18.96
18.97
18.97
18.97
18.97
18.97
18.97
18.97
18.97
18.97
18.97
18.97
18.97
18.97
18.97
18.97
18.97
18.97
18.97
18.98
18.98
18.98
18.98
18.98
18.98
18.98
18.98
18.98
18.98
18.98
18.98
18.98
18.98
18.97
18.97
18.97
18.97
18.97
18.97
18.97
18.97
18.97
18.96
18.96
18.96
18.96
18.96
18.95
18.95
18.95
18.95
18.95
18.95
18.95
18.95
18.95
18.95
18.95
18.95
18.95
18.95
18.96
18.96
18.96
18.96
18.96
18.96
18.96
18.96
18.96
18.99
18.99
18.99
18.99
18.99
19.0
19.0
19.0
19.0
19.0
19.0
19.01
19.01
19.01
19.01
19.01
19.01
19.01
19.01
19.01
19.0
19.0
19.0
19.0
19.0
19.0
19.0
19.0
19.0
19.0
19.0
19.0
19.0
19.0
19.0
19.0
19.0
19.0
19.0
19.0
19.0
19.0
19.0
19.0
19.0
19.0
19.02
19.02
19.02
19.02
19.02
19.02
19.02
19.02
19.02
19.03
19.03
19.03
19.03
19.03
19.03
19.03
19.03
19.03
19.03
19.03
19.03
19.03
19.03
19.06
19.06
19.06
19.06
19.06
19.09
19.09
19.09
19.09
19.09
19.09
19.12
19.12
19.12
19.12
19.12
19.12
19.12
19.12
19.12
19.14
19.14
19.14
19.14
19.14
19.15
19.15
19.15
19.15
19.15
19.15
19.15
19.15
19.15
19.16
19.16
19.16
19.16
19.16
19.15
19.15
19.15
19.15
19.15
19.15
19.15
19.15
19.15
19.16
19.16
19.16
19.16
19.16
19.17
19.17
19.17
19.17
19.17
19.17
19.17
19.17
19.17
19.18
19.18
19.18
19.18
19.18
19.18
19.18
19.18
19.18
19.18
19.18
19.18
19.17
