14.6
14.6
14.6
14.6
14.6
14.59
14.59
14.59
14.59
14.59
14.59
14.59
14.59
14.59
14.59
14.59
14.59
14.59
14.59
14.6
14.6
14.6
14.6
14.6
14.6
14.6
14.6
14.6
14.6
14.6
14.6
14.6
14.6
14.6
14.6
14.6
14.6
14.6
14.6
14.6
14.6
14.6
14.61
14.61
14.61
14.61
14.61
14.61
14.61
14.61
14.61
14.61
14.61
14.61
14.61
14.61
14.61
14.61
14.61
14.61
14.61
14.61
14.61
14.61
14.61
14.61
14.61
14.61
14.61
14.6
14.6
14.6
14.6
14.6
14.62
14.62
14.62
14.62
14.62
14.62
14.62
14.62
14.62
14.62
14.62
14.62
14.62
14.62
14.62
14.62
14.62
14.62
14.62
14.62
14.62
14.62
14.62
14.62
14.62
14.62
14.62
14.62
14.62
14.62
14.62
14.62
14.62
14.62
14.62
14.62
14.62
14.6
14.6
14.6
14.6
14.6
14.6
14.61
14.61
14.61
14.61
14.61
14.61
14.61
14.61
14.61
14.61
14.61
14.61
14.61
14.61
14.61
14.6
14.6
14.6
14.6
14.6
14.6
14.6
14.6
14.6
14.6
14.6
14.6
14.6
14.61
14.61
14.61
14.61
14.61
14.61
14.61
14.61
14.61
14.61
14.61
14.61
14.61
14.61
14.61
14.61
14.61
14.61
14.61
14.61
14.61
14.61
14.61
14.61
14.61
14.61
14.61
14.61
14.61
14.61
14.61
14.61
14.61
14.61
14.61
14.6
14.6
14.6
14.6
14.6
14.59
14.59
14.59
14.59
14.59
14.59
14.59
14.6
14.6
14.6
14.6
14.6
14.6
14.6
14.6
14.6
14.6
14.6
14.6
14.6
14.6
14.6
14.6
14.61
14.61
14.61
14.61
14.61
14.61
14.61
14.61
14.61
14.61
14.61
14.61
14.61
14.61
14.61
14.61
14.61
14.61
14.61
14.61
14.61
14.61
14.61
14.61
14.61
14.61
14.61
14.61
14.62
14.62
14.62
14.62
14.62
14.62
14.62
14.62
14.62
14.62
14.62
14.62
14.62
14.62
14.62
14.62
14.62
14.62
14.62
14.61
14.61
14.61
14.61
14.61
14.61
14.61
14.63
14.63
14.63
14.63
14.63
14.63
14.63
14.63
14.63
14.63
14.63
14.63
14.63
14.63
14.63
14.63
14.63
14.63
14.63
14.63
14.63
14.63
14.63
14.63
14.63
14.63
14.63
14.63
14.63
14.63
14.63
14.63
14.63
14.63
14.63
14.63
14.63
14.63
14.63
14.63
14.63
14.63
14.63
14.63
14.63
14.63
14.63
14.63
14.63
14.63
14.63
14.63
14.63
14.63
14.63
14.63
14.63
14.63
14.63
14.63
14.63
14.63
14.63
14.63
14.63
14.63
14.63
14.63
14.63
14.63
14.63
14.63
14.63
14.63
14.63
14.63
14.63
14.64
14.64
