55.72
56.1
56.1
56.1
56.1
56.1
56.1
56.1
56.1
56.34
56.34
56.34
56.34
56.34
56.34
56.59
56.59
56.59
56.59
56.59
56.59
56.59
56.59
57.12
57.12
57.12
57.12
57.12
57.12
58.6
58.6
58.6
58.6
58.6
58.6
58.6
58.6
59.9
59.9
59.9
59.9
59.9
59.9
60.89
60.89
60.89
60.89
60.89
60.89
60.89
60.89
61.86
61.86
61.86
61.86
61.86
62.57
62.57
62.57
62.57
62.57
62.57
62.57
62.57
63.16
63.16
63.16
63.16
63.16
63.16
63.16
63.63
63.63
63.63
63.63
63.63
63.63
63.63
64.16
64.16
64.16
64.16
64.16
64.16
64.45
64.45
64.45
64.45
64.45
64.45
64.45
64.45
64.68
64.68
64.68
64.68
64.68
64.68
64.93
64.93
64.93
64.93
64.93
64.93
64.93
64.93
65.17
65.17
65.17
65.17
65.17
65.17
65.39
65.39
65.39
65.39
65.39
65.39
65.39
65.39
65.68
65.68
65.68
65.68
65.68
65.68
65.89
65.89
65.89
65.89
65.89
65.89
65.89
66.15
66.15
66.15
66.15
66.15
66.15
66.15
66.33
66.33
66.33
66.33
66.33
66.33
66.51
66.51
66.51
66.51
66.51
66.51
66.51
66.51
66.81
66.81
66.81
66.81
66.81
66.81
66.91
66.91
66.91
66.91
66.91
66.91
66.91
66.91
66.91
66.94
66.94
66.94
66.94
66.94
66.94
67.02
67.02
67.02
67.02
67.02
67.02
67.06
67.06
67.06
67.06
67.06
67.06
67.06
67.06
67.09
67.09
67.09
67.09
67.09
67.09
67.06
67.06
67.06
67.06
67.06
67.06
67.06
67.06
67.06
67.06
67.06
67.06
67.06
67.06
67.06
67.16
67.16
67.16
67.16
67.16
67.16
67.16
67.22
67.22
67.22
67.22
67.22
67.22
67.22
67.22
67.22
67.22
67.22
67.22
67.22
67.22
67.28
67.28
67.28
67.28
67.28
67.28
67.31
67.31
67.31
67.31
67.31
67.31
67.31
67.31
67.34
67.34
67.34
67.34
67.34
67.34
67.49
67.49
67.49
67.49
67.49
67.49
67.49
67.49
67.63
67.63
67.63
67.63
67.63
67.63
67.63
67.62
67.62
67.62
67.62
67.62
67.62
67.68
67.68
67.68
67.68
67.68
67.68
67.68
67.68
67.79
67.79
67.79
67.79
67.79
67.79
67.79
67.79
67.9
67.9
67.9
67.9
67.9
67.88
67.88
67.88
67.88
67.88
67.88
67.88
67.9
67.9
67.9
67.9
67.9
67.9
67.9
67.9
67.9
67.9
67.9
67.9
67.9
67.9
68.13
68.13
68.13
68.13
68.13
68.13
68.13
68.27
68.27
68.27
68.27
68.27
68.27
68.27
68.27
68.38
68.38
68.38
68.38
68.38
68.38
68.42
68.42
68.42
68.42
68.42
68.42
