162.169891758
162.169891758
162.169891758
161.624781336
161.624781336
161.624781336
161.624781336
161.624781336
161.624781336
161.624781336
161.624781336
161.624781336
161.624781336
161.624781336
161.624781336
161.624781336
161.077826193
161.077826193
161.077826193
161.077826193
161.077826193
161.077826193
161.077826193
161.077826193
161.077826193
161.077826193
161.077826193
161.077826193
161.077826193
161.077826193
161.077826193
161.077826193
161.077826193
161.077826193
161.077826193
161.077826193
161.077826193
161.077826193
161.077826193
161.077826193
161.077826193
161.077826193
161.077826193
161.077826193
161.077826193
161.077826193
161.077826193
161.077826193
161.077826193
161.077826193
161.077826193
161.077826193
161.077826193
161.077826193
161.077826193
161.077826193
161.077826193
161.077826193
161.077826193
160.529007472
160.529007472
160.529007472
160.529007472
160.529007472
160.529007472
160.529007472
160.529007472
160.529007472
160.529007472
160.529007472
160.529007472
160.529007472
160.529007472
160.529007472
160.529007472
160.529007472
160.529007472
160.529007472
160.529007472
160.529007472
160.529007472
160.759112383
160.759112383
160.759112383
160.759112383
160.759112383
160.759112383
160.759112383
160.759112383
160.759112383
160.759112383
160.759112383
160.759112383
160.759112383
160.759112383
160.759112383
160.529007472
160.529007472
160.529007472
159.425702251
159.425702251
159.1968508
159.1968508
159.1968508
159.1968508
159.1968508
158.967669896
158.414737195
158.414737195
158.414737195
158.414737195
158.414737195
158.414737195
157.85986776
157.85986776
157.631955382
157.631955382
157.631955382
157.631955382
157.631955382
157.403713003
156.848495354
156.848495354
156.848495354
156.848495354
156.848495354
156.848495354
157.075932643
157.631955382
157.631955382
157.631955382
157.631955382
157.631955382
157.631955382
157.85986776
158.414737195
158.414737195
158.414737195
158.414737195
158.414737195
158.414737195
158.414737195
157.85986776
157.85986776
157.85986776
157.85986776
157.85986776
157.85986776
157.85986776
157.631955382
157.631955382
157.631955382
157.631955382
157.631955382
157.85986776
157.85986776
157.85986776
157.85986776
157.85986776
157.85986776
157.85986776
157.85986776
157.85986776
158.414737195
158.414737195
158.414737195
158.414737195
158.414737195
157.85986776
157.85986776
157.85986776
157.85986776
157.85986776
157.85986776
157.85986776
157.631955382
157.075932643
157.075932643
157.075932643
157.075932643
157.075932643
157.075932643
157.075932643
157.075932643
157.075932643
157.075932643
157.075932643
157.075932643
157.075932643
157.075932643
157.075932643
157.075932643
157.075932643
157.075932643
157.075932643
157.075932643
157.075932643
156.517934671
156.517934671
156.517934671
156.517934671
156.517934671
156.517934671
156.517934671
156.517934671
156.517934671
156.517934671
156.517934671
156.517934671
156.517934671
156.291305333
156.291305333
156.291305333
156.291305333
156.291305333
156.291305333
156.291305333
156.291305333
156.291305333
156.291305333
156.291305333
156.291305333
156.291305333
156.291305333
156.291305333
156.291305333
156.291305333
156.291305333
156.291305333
156.291305333
156.291305333
156.291305333
156.517934671
156.517934671
156.517934671
156.517934671
156.517934671
156.517934671
156.517934671
156.517934671
156.517934671
156.517934671
156.517934671
156.517934671
157.075932643
157.075932643
157.075932643
157.075932643
157.075932643
157.075932643
157.075932643
157.303041094
157.303041094
157.303041094
157.303041094
157.303041094
157.303041094
157.303041094
157.303041094
157.303041094
157.303041094
157.303041094
157.303041094
157.303041094
157.303041094
157.303041094
157.303041094
157.303041094
157.303041094
157.303041094
157.303041094
157.303041094
157.303041094
157.303041094
157.303041094
157.303041094
157.303041094
157.303041094
157.303041094
156.74423634
156.74423634
156.74423634
156.74423634
156.74423634
156.74423634
156.74423634
156.74423634
156.74423634
156.74423634
