19.16
19.17
19.17
19.17
19.17
19.17
19.17
19.17
19.19
19.19
19.19
19.19
19.19
19.19
19.19
19.19
19.19
19.24
19.24
19.24
19.24
19.24
19.27
19.27
19.27
19.27
19.27
19.27
19.27
19.27
19.27
19.3
19.3
19.3
19.3
19.3
19.32
19.32
19.32
19.32
19.32
19.32
19.32
19.32
19.32
19.35
19.35
19.35
19.35
19.35
19.38
19.38
19.38
19.38
19.38
19.38
19.38
19.38
19.38
19.41
19.41
19.41
19.41
19.41
19.41
19.41
19.41
19.41
19.41
19.41
19.41
19.39
19.39
19.39
19.39
19.39
19.39
19.39
19.39
19.39
19.38
19.38
19.38
19.38
19.38
19.38
19.37
19.37
19.37
19.37
19.37
19.36
19.36
19.36
19.36
19.36
19.36
19.36
19.36
19.36
19.37
19.37
19.37
19.37
19.37
19.38
19.38
19.38
19.38
19.38
19.38
19.38
19.38
19.38
19.38
19.38
19.38
19.38
19.38
19.38
19.38
19.37
19.37
19.37
19.37
19.37
19.36
19.36
19.36
19.36
19.36
19.36
19.36
19.36
19.36
19.34
19.34
19.34
19.34
19.34
19.33
19.33
19.33
19.33
19.33
19.33
19.33
19.33
19.33
19.32
19.32
19.32
19.32
19.32
19.31
19.31
19.31
19.31
19.31
19.31
19.29
19.29
19.29
19.29
19.29
19.29
19.29
19.29
19.29
19.27
19.27
19.27
19.27
19.27
19.26
19.26
19.26
19.26
19.26
19.26
19.26
19.24
19.24
19.24
19.24
19.24
19.24
19.24
19.24
19.24
19.22
19.22
19.22
19.22
19.22
19.21
19.21
19.21
19.21
19.21
19.21
19.21
19.21
19.21
19.2
19.2
19.2
19.2
19.2
19.19
19.19
19.19
19.19
19.19
19.19
19.19
19.19
19.19
19.17
19.17
19.17
19.17
19.17
19.17
19.17
19.17
19.17
19.17
19.17
19.17
19.17
19.17
19.17
19.17
19.17
19.17
19.17
19.19
19.19
19.19
19.19
19.19
19.19
19.19
19.19
19.19
19.19
19.19
19.19
19.19
19.19
19.19
19.2
19.2
19.2
19.2
19.2
19.21
19.21
19.21
19.21
19.21
19.21
19.21
19.21
19.21
19.22
19.22
19.22
19.22
19.22
19.23
19.23
19.23
19.23
19.23
19.23
19.23
19.23
19.23
19.24
19.24
19.24
19.24
19.24
19.25
19.25
19.25
19.25
19.25
19.25
19.25
19.25
19.25
19.26
19.26
19.26
19.26
19.26
19.26
19.27
19.27
19.27
19.27
19.27
19.29
19.29
19.29
19.29
19.29
19.29
19.29
19.3
19.3
19.3
19.3
19.3
19.3
19.3
19.3
19.3
19.32
19.32
19.32
19.32
19.32
19.32
19.34
19.34
19.34
19.34
19.34
19.34
19.38
19.38
19.38
19.38
19.38
19.38
19.38
19.41
19.41
19.41
19.41
19.41
19.41
19.41
19.41
19.41
19.42
19.42
19.42
19.42
19.42
19.42
19.42
19.42
19.42
19.42
19.42
19.42
19.42
19.42
19.42
19.42
19.42
19.42
19.4
19.4
19.4
19.4
19.4
19.4
19.4
19.4
19.4
19.4
19.4
19.4
19.4
19.4
19.4
19.4
19.4
19.4
19.4
19.4
19.4
19.4
19.4
19.4
19.4
19.4
19.4
19.4
19.4
19.39
19.39
19.39
19.39
19.39
19.39
19.37
19.37
19.37
19.37
19.37
19.37
19.37
19.37
19.37
19.36
19.36
19.36
19.36
19.36
19.35
19.35
19.35
19.35
19.35
19.35
19.35
19.35
19.35
19.36
19.36
19.36
19.36
19.36
19.38
19.38
19.38
19.38
19.38
19.38
19.38
19.38
19.38
19.39
19.39
