167.659839226
167.659839226
167.413510339
166.899181903
166.899181903
166.899181903
166.899181903
166.899181903
166.899181903
166.899181903
166.899181903
166.899181903
166.899181903
166.899181903
166.899181903
166.899181903
165.865740499
165.376556994
165.376556994
165.376556994
165.376556994
165.376556994
165.376556994
165.131421818
164.614577289
164.614577289
164.614577289
164.614577289
164.614577289
164.614577289
164.369846065
163.332801984
163.332801984
163.332801984
163.332801984
163.332801984
163.332801984
163.332801984
163.089252202
163.089252202
163.089252202
163.089252202
163.089252202
163.089252202
162.569029977
162.325893988
162.325893988
162.325893988
162.325893988
162.325893988
162.325893988
162.811802883
163.332801984
163.332801984
163.332801984
163.332801984
163.332801984
163.332801984
164.885922205
164.885922205
165.376556994
165.376556994
165.376556994
165.376556994
165.376556994
165.621329353
165.621329353
165.621329353
165.621329353
165.621329353
165.621329353
165.621329353
165.102951463
165.102951463
165.102951463
165.102951463
165.102951463
165.102951463
165.102951463
165.621329353
165.621329353
165.621329353
165.621329353
165.621329353
165.621329353
166.109792029
168.173346827
168.173346827
168.173346827
168.173346827
168.173346827
168.173346827
168.666427653
168.666427653
168.666427653
168.666427653
168.666427653
168.666427653
168.666427653
168.912428308
168.912428308
168.912428308
168.912428308
168.912428308
168.912428308
168.912428308
169.939261038
169.939261038
170.43317507
170.43317507
170.43317507
170.43317507
170.679596109
170.679596109
170.679596109
170.679596109
170.679596109
170.679596109
170.679596109
170.679596109
170.925661891
171.439725192
171.439725192
171.439725192
171.439725192
171.439725192
171.439725192
171.439725192
170.925661891
170.925661891
170.925661891
170.925661891
170.925661891
170.925661891
170.410047859
170.410047859
170.164724359
170.164724359
170.164724359
170.164724359
170.164724359
170.679596109
170.679596109
170.679596109
170.679596109
170.679596109
170.679596109
170.164724359
170.164724359
170.164724359
170.164724359
170.164724359
170.164724359
170.164724359
169.919046674
169.403357937
169.403357937
169.403357937
169.403357937
169.403357937
169.403357937
169.158071217
168.123455571
168.123455571
168.123455571
168.123455571
168.123455571
168.123455571
167.879315079
167.879315079
167.879315079
167.879315079
167.879315079
167.879315079
167.879315079
167.879315079
167.36036696
167.36036696
167.36036696
167.36036696
167.36036696
167.36036696
167.879315079
167.879315079
167.879315079
167.879315079
167.879315079
167.879315079
167.879315079
167.63481903
167.116626696
167.116626696
167.116626696
167.116626696
167.116626696
167.116626696
166.596822554
166.596822554
166.353485523
166.353485523
166.353485523
166.353485523
166.353485523
166.109792029
165.589885301
165.589885301
165.589885301
165.589885301
165.589885301
165.589885301
165.589885301
165.346597628
165.346597628
165.346597628
165.346597628
165.346597628
165.346597628
165.865740499
165.865740499
165.865740499
165.865740499
165.865740499
165.865740499
166.353485523
166.872530421
166.872530421
166.872530421
166.872530421
166.872530421
166.872530421
166.872530421
166.872530421
166.872530421
166.872530421
166.872530421
166.872530421
166.872530421
166.872530421
166.353485523
166.353485523
166.353485523
166.353485523
166.353485523
166.353485523
166.872530421
166.872530421
166.872530421
166.872530421
166.872530421
166.872530421
166.872530421
167.116626696
167.63481903
167.63481903
167.63481903
167.63481903
167.63481903
167.63481903
167.63481903
167.116626696
167.116626696
167.116626696
167.116626696
167.116626696
167.116626696
166.596822554
166.596822554
166.596822554
166.596822554
166.596822554
166.596822554
166.596822554
166.596822554
166.075391471
166.075391471
166.075391471
166.075391471
166.075391471
166.075391471
166.075391471
165.83281606
165.83281606
165.83281606
165.83281606
165.83281606
166.075391471
167.116626696
167.116626696
167.116626696
167.116626696
167.116626696
167.116626696
167.116626696
166.596822554
166.596822554
166.596822554
166.596822554
166.596822554
166.596822554
166.596822554
167.116626696
167.116626696
167.116626696
167.116626696
167.116626696
167.116626696
167.116626696
167.116626696
167.116626696
167.116626696
167.116626696
167.116626696
167.116626696
166.872530421
166.353485523
166.353485523
166.353485523
166.353485523
166.353485523
166.353485523
166.353485523
166.353485523
166.353485523
166.353485523
166.353485523
166.353485523
166.353485523
165.83281606
165.83281606
165.589885301
165.589885301
165.589885301
165.589885301
165.589885301
165.346597628
164.825819649
164.825819649
164.825819649
164.825819649
164.825819649
164.825819649
164.825819649
164.825819649
164.825819649
164.825819649
164.825819649
164.825819649
164.825819649
165.346597628
165.346597628
165.346597628
165.346597628
165.346597628
165.346597628
165.346597628
164.825819649
164.825819649
164.825819649
164.825819649
164.825819649
164.825819649
164.582940876
164.061282065
164.061282065
164.061282065
164.061282065
164.061282065
164.061282065
163.575989146
162.530764455
162.530764455
162.530764455
162.530764455
162.530764455
162.530764455
162.28913122
162.28913122
162.28913122
162.28913122
162.28913122
162.28913122
162.28913122
162.530764455
164.096104892
164.096104892
164.096104892
164.096104892
164.096104892
164.096104892
163.575989146
163.575989146
163.818815306
163.818815306
163.818815306
163.818815306
163.818815306
163.332801984
