68.42
68.43
68.43
68.43
68.43
68.47
68.47
68.47
68.47
68.47
68.47
68.47
68.47
68.47
69.02
69.02
69.02
69.02
69.94
69.94
69.94
69.94
69.94
69.94
69.94
69.94
69.94
69.94
69.94
70.79
70.79
70.79
70.79
70.79
70.79
70.79
71.51
71.51
71.51
71.51
71.51
71.51
72.11
72.11
72.11
72.11
72.11
72.11
72.11
72.11
72.58
72.58
72.58
72.58
72.58
72.58
72.99
72.99
72.99
72.99
72.99
72.99
72.99
73.17
73.17
73.17
73.17
73.17
73.17
73.17
73.19
73.19
73.19
73.19
73.19
73.19
73.31
73.31
73.31
73.31
73.31
73.31
73.31
73.31
73.4
73.4
73.4
73.4
73.4
73.4
73.39
73.39
73.39
73.39
73.39
73.39
73.39
73.39
73.4
73.4
73.4
73.4
73.4
73.4
73.46
73.46
73.46
73.46
73.46
73.46
73.46
73.46
73.46
73.46
73.38
73.23
73.23
73.23
73.23
73.23
73.23
73.23
73.23
73.23
73.23
73.23
73.14
73.14
73.14
73.14
73.14
73.14
73.07
73.07
73.07
73.07
73.07
73.07
73.07
73.04
73.04
73.04
73.04
73.04
73.04
73.04
72.9
72.9
72.9
72.9
72.9
72.9
72.86
72.86
72.86
72.86
72.86
72.86
72.86
72.86
72.79
72.79
72.79
72.79
72.79
72.79
72.76
72.76
72.76
72.76
72.76
72.76
72.76
72.76
72.71
72.71
72.71
72.71
72.71
72.71
72.66
72.66
72.66
72.66
72.66
72.66
72.66
72.66
72.71
72.71
72.71
72.71
72.71
72.71
72.57
72.57
72.57
72.57
72.57
72.57
72.57
72.57
72.54
72.54
72.54
72.54
72.54
72.54
72.55
72.55
72.55
72.55
72.55
72.55
72.62
72.62
72.62
72.62
72.62
72.62
72.62
72.62
72.57
72.57
72.57
72.57
72.57
72.57
72.55
72.55
72.55
72.55
72.55
72.55
72.55
72.55
72.53
72.53
72.53
72.53
72.53
72.53
72.53
72.53
72.53
72.54
72.54
72.54
72.54
72.54
72.54
72.54
72.54
72.54
72.54
72.54
72.54
72.52
72.52
72.52
72.52
72.52
72.52
72.53
72.53
72.53
72.53
72.53
72.53
72.53
72.53
72.54
72.54
72.54
72.54
72.54
72.54
72.51
72.51
72.51
72.51
72.51
72.51
72.58
72.58
72.58
72.58
72.58
72.58
72.58
72.58
72.56
72.56
72.56
72.56
72.56
72.56
72.56
72.56
72.56
72.56
72.56
72.56
72.56
72.56
72.49
72.49
72.49
72.49
72.49
72.49
72.46
72.46
72.46
72.46
72.46
72.46
72.46
72.46
72.42
72.42
72.42
72.42
72.42
72.42
72.36
72.36
72.36
72.36
72.36
72.36
72.36
72.36
72.42
72.42
72.42
72.42
72.42
72.42
72.42
72.39
72.39
72.39
72.39
72.39
72.39
72.54
72.54
72.54
72.54
72.54
72.54
72.54
72.59
72.59
72.59
72.59
72.59
72.59
72.61
72.61
72.61
72.61
72.61
72.61
72.61
72.61
72.5
72.5
72.5
72.5
72.5
72.5
72.33
72.33
72.33
72.33
72.33
72.33
72.33
72.33
72.05
72.05
72.05
72.05
72.05
72.05
71.48
71.48
71.48
71.48
71.48
71.48
71.48
71.48
70.7
70.7
