14.64
14.64
14.64
14.64
14.64
14.64
14.64
14.64
14.64
14.64
14.64
14.64
14.64
14.64
14.64
14.64
14.64
14.64
14.64
14.64
14.64
14.64
14.64
14.64
14.64
14.64
14.64
14.64
14.64
14.64
14.64
14.64
14.64
14.64
14.64
14.64
14.64
14.64
14.64
14.64
14.64
14.64
14.64
14.64
14.64
14.64
14.63
14.63
14.63
14.63
14.63
14.63
14.63
14.63
14.63
14.63
14.63
14.63
14.63
14.63
14.63
14.63
14.63
14.63
14.63
14.63
14.63
14.64
14.64
14.64
14.64
14.64
14.64
14.64
14.64
14.64
14.64
14.64
14.64
14.64
14.65
14.65
14.65
14.65
14.65
14.65
14.65
14.65
14.65
14.65
14.65
14.65
14.65
14.65
14.65
14.65
14.65
14.65
14.65
14.65
14.65
14.65
14.65
14.66
14.66
14.66
14.66
14.66
14.66
14.67
14.67
14.67
14.67
14.67
14.67
14.67
14.67
14.67
14.68
14.68
14.68
14.68
14.68
14.68
14.68
14.68
14.68
14.68
14.68
14.68
14.68
14.69
14.69
14.69
14.69
14.69
14.69
14.69
14.69
14.69
14.69
14.69
14.68
14.68
14.68
14.68
14.68
14.68
14.68
14.68
14.68
14.67
14.67
14.67
14.67
14.67
14.68
14.68
14.68
14.68
14.68
14.68
14.68
14.68
14.68
14.68
14.68
14.68
14.68
14.68
14.67
14.67
14.67
14.67
14.67
14.67
14.67
14.67
14.67
14.67
14.67
14.67
14.67
14.67
14.68
14.68
14.68
14.68
14.68
14.68
14.68
14.68
14.68
14.68
14.68
14.68
14.68
14.68
14.68
14.68
14.68
14.68
14.68
14.68
14.68
14.68
14.68
14.68
14.68
14.68
14.68
14.68
14.68
14.69
14.69
14.69
14.69
14.69
14.69
14.69
14.69
14.69
14.69
14.69
14.69
14.69
14.69
14.7
14.7
14.7
14.7
14.7
14.7
14.7
14.7
14.7
14.7
14.7
14.7
14.7
14.7
14.7
14.7
14.7
14.7
14.7
14.7
14.7
14.72
14.72
14.72
14.72
14.72
14.72
14.72
14.72
14.72
14.72
14.72
14.72
14.72
14.72
14.72
14.72
14.72
14.72
14.72
14.72
14.72
14.72
14.72
14.72
14.72
14.72
14.71
14.71
14.71
14.71
14.71
14.71
14.71
14.71
14.7
14.7
14.7
14.7
14.7
14.7
14.7
14.7
14.7
14.7
14.7
14.7
14.7
14.7
14.7
14.7
14.7
14.7
14.7
14.71
14.71
14.71
14.71
14.71
14.71
14.71
14.71
14.71
14.72
14.72
14.72
14.72
14.72
14.71
14.71
14.71
14.71
14.71
14.71
14.71
14.71
14.71
14.71
14.71
14.71
14.71
14.71
14.71
14.7
14.7
14.7
14.7
14.7
14.7
14.7
14.7
14.7
14.7
14.7
14.7
14.7
14.7
14.7
14.7
14.7
14.7
14.7
14.71
14.71
14.71
14.71
14.71
14.71
14.71
14.71
14.71
14.71
14.71
14.71
14.71
14.71
14.71
14.71
14.71
14.71
14.71
14.71
14.71
14.71
14.71
14.71
14.71
14.71
14.71
14.71
14.71
14.71
14.71
14.71
14.71
14.71
14.71
14.71
14.71
14.71
14.71
14.71
14.71
14.71
14.71
14.71
14.72
14.72
14.72
14.72
