74.78
74.78
74.78
74.78
74.78
74.89
74.89
74.89
74.89
74.89
74.89
75.76
75.76
75.76
75.76
75.76
75.76
75.76
75.76
76.79
76.79
76.79
76.79
76.79
76.79
76.79
77.65
77.65
77.65
77.65
77.65
77.65
78.37
78.37
78.37
78.37
78.37
78.37
78.37
78.37
78.94
78.94
78.94
78.94
78.94
78.94
79.37
79.37
79.37
79.37
79.37
79.37
79.37
79.37
79.64
79.64
79.64
79.64
79.64
79.64
79.79
79.79
79.79
79.79
79.79
79.79
79.79
79.79
79.98
79.98
79.98
79.98
79.98
79.98
79.98
80.03
80.03
80.03
80.03
80.03
80.03
80.07
80.07
80.07
80.07
80.07
80.07
80.07
80.16
80.16
80.16
80.16
80.16
80.16
80.1
80.1
80.1
80.1
80.1
80.1
80.1
80.04
80.04
80.04
80.04
80.04
80.04
80.04
80.04
80.05
80.05
80.05
80.05
80.05
80.05
80.05
80.08
80.08
80.08
80.08
80.08
80.08
80.11
80.11
80.11
80.11
80.11
80.11
80.11
80.11
80.05
80.05
80.05
80.05
80.05
80.05
79.95
79.95
79.95
79.95
79.95
79.95
79.95
79.95
79.88
79.88
79.88
79.88
79.88
79.88
79.84
79.84
79.84
79.84
79.84
79.84
79.83
79.83
79.83
79.83
79.83
79.83
79.83
79.83
79.8
79.8
79.8
79.8
79.8
79.8
79.81
79.81
79.81
79.81
79.81
79.81
79.81
79.81
79.78
79.78
79.78
79.78
79.78
79.78
79.7
79.7
79.7
79.7
79.7
79.7
79.7
79.72
79.72
79.72
79.72
79.72
79.72
79.72
79.72
79.72
79.72
79.72
79.72
79.72
79.72
79.7
79.7
79.7
79.7
79.7
79.7
79.7
79.7
79.69
79.69
79.69
79.69
79.69
79.69
79.63
79.63
79.63
79.63
79.63
79.63
79.63
79.6
79.6
79.6
79.6
79.6
79.6
79.6
79.6
79.6
79.6
79.6
79.6
79.6
79.6
79.56
79.56
79.56
79.56
79.56
79.56
79.58
79.58
79.58
79.58
79.58
79.58
79.58
79.46
79.46
79.46
79.46
79.46
79.46
79.46
79.46
79.32
79.32
79.32
79.32
79.32
79.32
79.3
79.3
79.3
79.3
79.3
79.3
79.3
79.3
79.3
79.3
79.3
79.3
79.3
79.3
79.19
79.19
79.19
79.19
79.19
79.19
79.19
79.19
79.18
79.18
79.18
79.18
79.18
79.18
79.18
79.15
79.15
79.15
79.15
79.15
79.1
79.1
79.1
79.1
79.1
79.1
79.1
79.02
79.02
79.02
79.02
79.02
79.02
79.02
79.02
79.1
79.1
79.1
79.1
79.1
79.1
79.11
79.11
79.11
79.11
79.11
79.11
79.11
79.11
79.08
79.08
79.08
79.08
79.08
79.08
79.08
79.08
79.04
79.04
79.04
79.04
79.04
79.03
79.03
79.03
79.03
79.03
79.03
79.03
79.03
79.06
79.06
79.06
79.06
79.06
79.06
79.06
79.06
79.06
79.06
79.06
79.06
79.06
79.02
79.02
79.02
79.02
79.02
79.02
79.02
79.04
79.04
79.04
79.04
79.04
79.04
79.0
79.0
79.0
79.0
79.0
79.0
79.0
79.0
79.05
79.05
79.05
79.05
79.05
79.05
79.06
79.06
79.06
79.06
79.06
79.06
79.06
79.06
79.08
79.08
79.08
79.08
79.08
79.08
79.12
79.12
79.12
79.12
79.12
79.12
79.12
79.09
79.09
79.09
79.09
79.09
79.09
79.09
79.09
79.05
79.05
79.05
79.05
79.05
79.05
79.03
79.03
79.03
79.03
79.03
79.03
79.03
79.03
79.03
79.03
79.03
79.03
79.03
79.03
79.03
