156.183432266
156.183432266
156.183432266
156.183432266
156.183432266
156.183432266
156.408599182
156.970211758
156.970211758
156.970211758
156.970211758
156.970211758
156.970211758
156.970211758
156.970211758
157.195862332
157.195862332
157.195862332
157.195862332
157.195862332
157.195862332
157.195862332
157.195862332
157.195862332
157.195862332
157.195862332
157.195862332
157.195862332
157.195862332
157.195862332
157.195862332
157.195862332
157.195862332
157.195862332
157.421189458
157.421189458
157.421189458
157.421189458
157.421189458
157.421189458
157.421189458
157.421189458
157.421189458
157.421189458
157.421189458
157.421189458
157.421189458
157.421189458
157.421189458
157.421189458
157.421189458
157.421189458
157.421189458
157.421189458
157.421189458
157.421189458
157.421189458
157.421189458
157.421189458
157.421189458
157.421189458
157.421189458
157.421189458
157.646194523
157.646194523
157.646194523
157.646194523
157.646194523
157.646194523
157.421189458
157.421189458
157.421189458
157.421189458
157.421189458
157.421189458
157.421189458
157.421189458
157.421189458
157.421189458
157.421189458
157.421189458
157.421189458
157.421189458
156.857963361
156.857963361
156.857963361
156.857963361
156.857963361
156.857963361
156.633442417
156.633442417
156.633442417
156.633442417
156.633442417
156.633442417
156.633442417
156.633442417
156.633442417
156.633442417
156.633442417
156.633442417
156.633442417
156.633442417
156.633442417
156.633442417
156.633442417
156.633442417
156.633442417
156.633442417
156.633442417
156.633442417
156.633442417
156.633442417
156.068995743
156.068995743
156.068995743
156.068995743
156.633442417
156.633442417
156.857963361
156.857963361
156.857963361
156.857963361
156.857963361
156.857963361
156.857963361
156.857963361
156.857963361
156.857963361
156.857963361
156.857963361
156.857963361
156.2927076
156.2927076
156.2927076
156.2927076
156.2927076
156.2927076
156.2927076
156.2927076
156.2927076
156.2927076
156.2927076
156.2927076
156.2927076
156.068995743
156.068995743
156.068995743
156.068995743
156.068995743
156.068995743
156.068995743
156.068995743
156.068995743
156.068995743
156.068995743
156.068995743
156.068995743
156.068995743
156.068995743
156.068995743
156.068995743
156.068995743
156.068995743
156.068995743
156.068995743
156.068995743
156.068995743
156.068995743
156.068995743
156.068995743
156.068995743
155.502500242
155.502500242
155.502500242
155.502500242
155.502500242
155.502500242
155.502500242
155.502500242
155.502500242
155.502500242
155.502500242
155.502500242
155.502500242
155.502500242
155.502500242
155.502500242
155.279280445
155.279280445
155.279280445
155.279280445
155.279280445
155.279280445
155.279280445
155.279280445
155.279280445
155.279280445
155.279280445
155.279280445
155.279280445
154.711529804
154.711529804
154.711529804
154.711529804
154.711529804
154.711529804
154.711529804
154.711529804
154.711529804
154.711529804
154.711529804
154.711529804
154.711529804
154.711529804
154.711529804
154.711529804
154.711529804
154.711529804
154.711529804
154.711529804
154.933933437
155.502500242
155.502500242
155.502500242
155.502500242
155.502500242
155.502500242
155.502500242
155.502500242
155.502500242
155.502500242
155.502500242
155.502500242
155.502500242
155.502500242
155.502500242
155.502500242
155.502500242
155.502500242
155.502500242
155.502500242
155.502500242
155.502500242
155.502500242
155.502500242
155.502500242
155.502500242
156.068995743
156.068995743
156.2927076
156.2927076
156.2927076
156.2927076
156.2927076
156.516099705
156.516099705
156.516099705
156.516099705
156.516099705
156.516099705
156.516099705
156.516099705
156.516099705
156.516099705
156.516099705
156.516099705
156.516099705
156.516099705
156.739173426
156.739173426
156.739173426
156.739173426
156.739173426
156.739173426
156.739173426
156.739173426
156.739173426
156.739173426
156.739173426
156.739173426
156.739173426
156.739173426
156.739173426
156.739173426
156.739173426
156.739173426
156.739173426
156.739173426
156.739173426
156.516099705
155.947981316
155.947981316
155.947981316
155.947981316
156.516099705
156.516099705
156.739173426
156.739173426
156.739173426
156.739173426
156.739173426
156.739173426
156.739173426
156.739173426
156.739173426
156.739173426
156.739173426
156.739173426
156.739173426
156.516099705
155.947981316
155.947981316
155.947981316
155.947981316
155.947981316
155.947981316
155.947981316
155.947981316
155.947981316
155.947981316
155.947981316
155.947981316
155.947981316
156.516099705
156.516099705
156.516099705
156.516099705
156.516099705
156.516099705
156.516099705
156.516099705
155.947981316
155.947981316
155.947981316
155.947981316
155.947981316
155.947981316
155.947981316
155.947981316
155.947981316
155.947981316
155.947981316
155.947981316
155.947981316
156.516099705
156.516099705
156.739173426
156.739173426
156.739173426
156.739173426
156.739173426
156.739173426
156.739173426
156.739173426
156.739173426
156.739173426
156.739173426
156.739173426
156.739173426
156.739173426
156.739173426
156.739173426
156.739173426
156.739173426
156.739173426
156.739173426
156.739173426
156.739173426
156.739173426
156.739173426
156.739173426
156.516099705
155.947981316
155.947981316
155.947981316
155.947981316
155.947981316
155.947981316
155.725400075
155.156018278
155.156018278
155.156018278
155.156018278
155.156018278
155.156018278
155.156018278
155.156018278
155.156018278
155.156018278
155.156018278
155.156018278
155.156018278
155.725400075
155.725400075
155.725400075
155.725400075
155.725400075
155.725400075
155.725400075
155.947981316
156.516099705
156.516099705
156.516099705
156.516099705
156.516099705
156.516099705
156.516099705
156.516099705
156.739173426
156.739173426
156.739173426
156.739173426
156.739173426
156.739173426
156.739173426
156.739173426
156.739173426
156.739173426
156.739173426
156.739173426
156.961930119
156.961930119
156.961930119
156.961930119
156.961930119
156.961930119
156.961930119
156.739173426
156.739173426
156.739173426
156.739173426
156.739173426
156.739173426
156.739173426
156.739173426
156.170245329
156.170245329
156.170245329
156.170245329
156.170245329
