//Таблицы
//Материалы

Material1=CreateMaterial(
"$c:\work\dcad\bin\database\hs\materials\Сталь_простая_7800.tbl


$Caption=Свойства материала
$TabType=0
$GraphType=0
$ColCount=4
$RowCount=2
$MatrixName=M
$Script=//Свойства материала: сталь из примера 2.5
$Script=
$Script=//Первый столбец - температура, в градусах Цельсия
$Script=//Второй - плотность, кг/м^3
$Script=//Третий - теплопроводность, Вт/(м*К)
$Script=//Четвёртый - удельная теплоёмкость, Дж/(кг*К)
$Script=
$Script=

0	7800	45.4	502
10000	7800	45.4	502
"
);


//Основные параметры расчёта
SetMainParameters(
1, //ModelType
1, //fl_drdp более не используется, строка оставлена для резерва
0, //StartTime
1000, //EndTime
0.1, //MinStep
0.1, //MaxStep
0.01, //Step
0.0001,
0.0001,
1E-10,
0.0001,
0.0001,
0,
0.1,
1,
"",
"",
1,
0.0717,
"",
0,
0,
2,
10,
[],
100,
0,
0,
0,
0,
0,
0,
0,
".\tables\"
);

//Баки и компенсаторы

//Узлы теплогидравлической схемы

HOT_OUT=CreateBoundNode(
"HOT_OUT",
0.1,
0.1,
0.00785398163397448,
0,
100000,
1,
22,
1,
"air_lib.dll@Воздух.tbl",
0,
[],
0
);


COLD_IN=CreateBoundNode(
"COLD_IN",
0.1,
0.1,
0.00785398163397448,
0,
100000,
1,
20.59,
1,
"air_lib.dll@Воздух.tbl",
0,
[],
0
);


Node_19=CreateNode(
"Node_19",
0.1,
0.1,
0.00785398163397448,
0,
100000,
200000,
22,
1,
"air_lib.dll@Воздух.tbl",
0,
[],
0,
[]
);

COLD_OUT_NODE=CreateNode(
"COLD_OUT_NODE",
0.1,
0.1,
0.00785398163397448,
0,
100000,
200000,
22,
1,
"air_lib.dll@Воздух.tbl",
0,
[],
0,
[]
);

//Теплоносители (параметры среды)

//Подпитки

HOT_IN=CreateFlowSource(
"HOT_IN",
Node_19,
0.0394712831597222,
0,
18.21,
1,
[]
);


COLD_OUT=CreateFlowSource(
"COLD_OUT",
COLD_OUT_NODE,
-0.0527777777777778,
0,
22,
1,
[]
);


//Каналы

TOA.HOT_CHANNEL=CreateChannel(
"TOA.HOT_CHANNEL",
[0.1 , 0.1 , 0.1 , 0.1 , 0.1 , 0.1 , 0.1 , 0.1 , 0.1 , 0.1],
[0.00785398163397448 , 0.00785398163397448 , 0.00785398163397448 , 0.00785398163397448 , 0.00785398163397448 , 0.00785398163397448 , 0.00785398163397448 , 0.00785398163397448 , 0.00785398163397448 , 0.00785398163397448],
[2 , 2 , 2 , 2 , 2 , 2 , 2 , 2 , 2 , 2],
[0 , 0 , 0 , 0 , 0 , 0 , 0 , 0 , 0 , 0],
[0 , 0 , 0 , 0 , 0 , 0 , 0 , 0 , 0 , 0],
[0 , 0 , 0 , 0 , 0 , 0 , 0 , 0 , 0 , 0],
[1 , 1 , 1 , 1 , 1 , 1 , 1 , 1 , 1 , 1],
[1 , 1 , 1 , 1 , 1 , 1 , 1 , 1 , 1 , 1 , 1],
[1E-5 , 1E-5 , 1E-5 , 1E-5 , 1E-5 , 1E-5 , 1E-5 , 1E-5 , 1E-5 , 1E-5],
[0 , 0 , 0 , 0 , 0 , 0 , 0 , 0 , 0 , 0],
0,
1,
1,
1,
1,
1,
1,
1,
1,
30,
1,
1,
[100000 , 100000 , 100000 , 100000 , 100000 , 100000 , 100000 , 100000 , 100000 , 100000],
[200000 , 200000 , 200000 , 200000 , 200000 , 200000 , 200000 , 200000 , 200000 , 200000],
[22 , 22 , 22 , 22 , 22 , 22 , 22 , 22 , 22 , 22],
1,
0,
[0 , 0 , 0 , 0 , 0 , 0 , 0 , 0 , 0 , 0]
);

TOA.COLD_CHANNEL=CreateChannel(
"TOA.COLD_CHANNEL",
[0.1 , 0.1 , 0.1 , 0.1 , 0.1 , 0.1 , 0.1 , 0.1 , 0.1 , 0.1],
[0.00785398163397448 , 0.00785398163397448 , 0.00785398163397448 , 0.00785398163397448 , 0.00785398163397448 , 0.00785398163397448 , 0.00785398163397448 , 0.00785398163397448 , 0.00785398163397448 , 0.00785398163397448],
[2 , 2 , 2 , 2 , 2 , 2 , 2 , 2 , 2 , 2],
[0 , 0 , 0 , 0 , 0 , 0 , 0 , 0 , 0 , 0],
[0 , 0 , 0 , 0 , 0 , 0 , 0 , 0 , 0 , 0],
[0 , 0 , 0 , 0 , 0 , 0 , 0 , 0 , 0 , 0],
[1 , 1 , 1 , 1 , 1 , 1 , 1 , 1 , 1 , 1],
[1 , 1 , 1 , 1 , 1 , 1 , 1 , 1 , 1 , 1 , 1],
[1E-5 , 1E-5 , 1E-5 , 1E-5 , 1E-5 , 1E-5 , 1E-5 , 1E-5 , 1E-5 , 1E-5],
[0 , 0 , 0 , 0 , 0 , 0 , 0 , 0 , 0 , 0],
0,
1,
1,
1,
1,
1,
1,
1,
1,
30,
1,
1,
[100000 , 100000 , 100000 , 100000 , 100000 , 100000 , 100000 , 100000 , 100000 , 100000],
[200000 , 200000 , 200000 , 200000 , 200000 , 200000 , 200000 , 200000 , 200000 , 200000],
[22 , 22 , 22 , 22 , 22 , 22 , 22 , 22 , 22 , 22],
1,
0,
[0 , 0 , 0 , 0 , 0 , 0 , 0 , 0 , 0 , 0]
);

HOT_CHANNEL_BEFORE=CreateChannel(
"HOT_CHANNEL_BEFORE",
[0.1],
[0.00785398163397448],
[0.5],
[0],
[0],
[0],
[1],
[1 , 1],
[1E-5],
[0],
0,
1,
1,
1,
1,
1,
1,
1,
1,
30,
1,
1,
[100000],
[200000],
[22],
1,
0,
[0]
);

HOT_CHANNEL_AFTER=CreateChannel(
"HOT_CHANNEL_AFTER",
[0.1],
[0.00785398163397448],
[0.5],
[0],
[0],
[0],
[1],
[1 , 1],
[1E-5],
[0],
0,
1,
1,
1,
1,
1,
1,
1,
1,
30,
1,
1,
[100000],
[200000],
[22],
1,
0,
[0]
);

COLD_CHANNEL_BEFORE=CreateChannel(
"COLD_CHANNEL_BEFORE",
[0.1],
[0.00785398163397448],
[0.5],
[0],
[0],
[0],
[1],
[1 , 1],
[1E-5],
[0],
0,
1,
1,
1,
1,
1,
1,
1,
1,
30,
1,
1,
[100000],
[200000],
[22],
1,
0,
[0]
);

COLD_CHANNEL_AFTER=CreateChannel(
"COLD_CHANNEL_AFTER",
[0.1],
[0.00785398163397448],
[0.5],
[0],
[0],
[0],
[1],
[1 , 1],
[1E-5],
[0],
0,
1,
1,
1,
1,
1,
1,
1,
1,
30,
1,
1,
[100000],
[200000],
[22],
1,
0,
[0]
);

//Рёбра теплогидравлической схемы

CreateRebro(
Node_19,
HOT_OUT,
HOT_CHANNEL_BEFORE,
TOA.HOT_CHANNEL,
HOT_CHANNEL_AFTER
);

CreateRebro(
COLD_IN,
COLD_OUT_NODE,
COLD_CHANNEL_BEFORE,
TOA.COLD_CHANNEL,
COLD_CHANNEL_AFTER
);

//Задвижки, местные сопротивления и клапаны

//Роторы

//Активные элементы - насосы и турбины

//Тепловые граничные условия

//Зазоры между стенками

//Поперечные перетоки между стенками

//Тепловые структуры

TOA.ThinWall_4=CreateThinWall(
"TOA.ThinWall_4",
TOA.HOT_CHANNEL,
TOA.COLD_CHANNEL,
1,
1,
Material1,
10,
0,
0.01,
[0.6 , 0.6 , 0.6 , 0.6 , 0.6 , 0.6 , 0.6 , 0.6 , 0.6 , 0.6],
[0.6 , 0.6 , 0.6 , 0.6 , 0.6 , 0.6 , 0.6 , 0.6 , 0.6 , 0.6],
[1 , 2 , 3 , 4 , 5 , 6 , 7 , 8 , 9 , 10],
[10 , 9 , 8 , 7 , 6 , 5 , 4 , 3 , 2 , 1],
[37.4 , 37.4 , 37.4 , 37.4 , 37.4 , 37.4 , 37.4 , 37.4 , 37.4 , 37.4],
0,
0.02,
[0 , 0 , 0 , 0 , 0 , 0 , 0 , 0 , 0 , 0],
[0 , 0 , 0 , 0 , 0 , 0 , 0 , 0 , 0 , 0]
);


//Тепловые структуры с тепловым излучением

//Связи типа "тепловое излучение"

//Связи стенок и объектов типа "зазор между стенками"

//Связи баков со стенками

//Блоки - отладочная информация

//Блоки - свойства теплоносителя

//Блоки - источники концентраций примесей
