//Таблицы
//Материалы

//Основные параметры расчёта
SetMainParameters(
0, //ModelType
1, //fl_drdp более не используется, строка оставлена для резерва
0, //StartTime
1000000000, //EndTime
0.001, //MinStep
0.01, //MaxStep
0.01, //Step
0.0001,
0.0001,
1E-10,
0.0001,
0.0001,
0,
0.05,
1,
"uncompressed_lib.dll@Авиатопливо_ТС1.tbl",
"uncompressed_lib.dll@Авиатопливо_ТС1.tbl",
1,
0.0717,
0,
0,
0,
2,
10,
[],
100,
0,
0,
0,
0,
0,
0,
0,
".\tables\"
);

//Баки и компенсаторы

Tank_7=CreateKO_1(
"Tank_7",
0,
200000,
3.74,
0,
102100,
20,
1,
0.00374,
0,
1,
[[0 , 10];[0 , 10]],
1,
1,
[4],
[0],
[],
[]
);


Tank_3=CreateKO_1(
"Tank_3",
0,
200000,
3.2,
0,
102100,
20,
1,
0.0032,
0,
1,
[[0 , 10];[0 , 10]],
1,
1,
[4],
[0],
[],
[]
);


Tank_0=CreateKO_1(
"Tank_0",
0,
200000,
8.9,
0,
102100,
20,
1,
0.0089,
0,
1,
[[0 , 10];[0 , 10]],
1,
1,
[4],
[0],
[],
[]
);


Tank_1=CreateKO_1(
"Tank_1",
0,
200000,
3.96,
0,
102100,
20,
1,
0.00396,
0,
1,
[[0 , 10];[0 , 10]],
1,
1,
[4],
[0],
[],
[]
);


Tank_2=CreateKO_1(
"Tank_2",
0,
200000,
3.96,
0,
102100,
20,
1,
0.00396,
0,
1,
[[0 , 10];[0 , 10]],
1,
1,
[4],
[0],
[],
[]
);


Tank_5=CreateKO_1(
"Tank_5",
0,
200000,
3.2,
0,
102100,
20,
1,
0.0032,
0,
1,
[[0 , 10];[0 , 10]],
1,
1,
[4],
[0],
[],
[]
);


Tank_6=CreateKO_1(
"Tank_6",
0,
200000,
3.74,
0,
102100,
20,
1,
0.00374,
0,
1,
[[0 , 10];[0 , 10]],
1,
1,
[4],
[0],
[],
[]
);


//Узлы теплогидравлической схемы

Node_6=CreateNode(
"Node_6",
0.1,
0.1,
0.00785398163397448,
0,
100000,
200000,
20,
1,
"",
0,
[],
0,
[]
);

Node_5=CreateNode(
"Node_5",
0.1,
0.1,
0.00785398163397448,
0,
100000,
200000,
20,
1,
"",
0,
[],
0,
[]
);

Node_2=CreateNode(
"Node_2",
0.1,
0.1,
0.00785398163397448,
0,
100000,
200000,
20,
1,
"",
0,
[],
0,
[]
);

Node_3=CreateNode(
"Node_3",
0.1,
0.1,
0.00785398163397448,
0,
100000,
200000,
20,
1,
"",
0,
[],
0,
[]
);

Node_4=CreateNode(
"Node_4",
0.1,
0.1,
0.00785398163397448,
0,
100000,
200000,
20,
1,
"",
0,
[],
0,
[]
);

Node_7=CreateNode(
"Node_7",
0.1,
0.1,
0.00785398163397448,
0,
100000,
200000,
20,
1,
"",
0,
[],
0,
[]
);

NodeK_4=CreateTankNode(
"NodeK_4",
0.01,
0.1,
0.00785398163397448,
0,
100000,
100000
20,
1,
0,
0,
Tank_3,
"uncompressed_lib.dll@Авиатопливо_ТС1.tbl",
[]
);


NodeK_7=CreateTankNode(
"NodeK_7",
0.01,
0.1,
0.00785398163397448,
0,
100000,
100000
20,
1,
0,
0,
Tank_6,
"uncompressed_lib.dll@Авиатопливо_ТС1.tbl",
[]
);


NodeK_6=CreateTankNode(
"NodeK_6",
0.01,
0.1,
0.00785398163397448,
0,
100000,
100000
20,
1,
0,
0,
Tank_5,
"uncompressed_lib.dll@Авиатопливо_ТС1.tbl",
[]
);


NodeK_3=CreateTankNode(
"NodeK_3",
0.01,
0.1,
0.00785398163397448,
0,
100000,
100000
20,
1,
0,
0,
Tank_2,
"uncompressed_lib.dll@Авиатопливо_ТС1.tbl",
[]
);


NodeK_2=CreateTankNode(
"NodeK_2",
0.01,
0.1,
0.00785398163397448,
0,
100000,
100000
20,
1,
0,
0,
Tank_1,
"uncompressed_lib.dll@Авиатопливо_ТС1.tbl",
[]
);


NodeK_1=CreateTankNode(
"NodeK_1",
0.01,
0.1,
0.00785398163397448,
0,
100000,
100000
20,
1,
0,
0,
Tank_0,
"uncompressed_lib.dll@Авиатопливо_ТС1.tbl",
[]
);


NodeK_8=CreateTankNode(
"NodeK_8",
0.01,
0.1,
0.00785398163397448,
0,
100000,
100000
20,
1,
0,
0,
Tank_7,
"uncompressed_lib.dll@Авиатопливо_ТС1.tbl",
[]
);


Node_8=CreateNode(
"Node_8",
0.1,
0.1,
0.00785398163397448,
0,
100000,
200000,
20,
1,
"",
0,
[],
0,
[]
);

//Теплоносители (параметры среды)

//Подпитки

InputFlow_3=CreateFlowSource(
"InputFlow_3",
Node_8,
51.48,
200000,
20,
1,
[]
);


//Каналы

Channel_1=CreateChannel(
"Channel_1",
[0.1 , 0.1 , 0.1 , 0.1 , 0.1],
[0.00785398163397448 , 0.00785398163397448 , 0.00785398163397448 , 0.00785398163397448 , 0.00785398163397448],
[0.5 , 0.5 , 0.5 , 0.5 , 0.5],
[0.5 , 0.5 , 0.5 , 0.5 , 0.5],
[1.178 , 1.178 , 1.178 , 1.178 , 1.178],
[1.178 , 1.178 , 1.178 , 1.178 , 1.178],
[1 , 1 , 1 , 1 , 1],
[1 , 1 , 1 , 1 , 1 , 1],
[1E-5 , 1E-5 , 1E-5 , 1E-5 , 1E-5],
[0 , 0 , 0 , 0 , 0],
0,
1,
1,
1,
1,
1,
1,
1,
1,
30,
1,
0,
[100000 , 100000 , 100000 , 100000 , 100000],
[200000 , 200000 , 200000 , 200000 , 200000],
[20 , 20 , 20 , 20 , 20],
1,
0,
[0 , 0 , 0 , 0 , 0]
);

Channel_2=CreateChannel(
"Channel_2",
[0.1 , 0.1],
[0.00785398163397448 , 0.00785398163397448],
[0.5 , 0.5],
[0 , 0],
[0.9 , 0.9],
[0.9 , 0.9],
[1 , 1],
[1 , 1 , 1],
[1E-5 , 1E-5],
[0 , 0],
0,
1,
1,
1,
1,
1,
1,
1,
1,
30,
1,
0,
[100000 , 100000],
[200000 , 200000],
[20 , 20],
1,
0,
[0 , 0]
);

Channel_3=CreateChannel(
"Channel_3",
[0.08 , 0.08],
[0.00502654824574367 , 0.00502654824574367],
[0.3 , 0.3],
[0 , 0],
[3.86 , 3.86],
[3.86 , 3.86],
[1 , 1],
[1 , 1 , 1],
[1E-5 , 1E-5],
[0 , 0],
0,
1,
1,
1,
1,
1,
1,
1,
1,
30,
1,
0,
[100000 , 100000],
[200000 , 200000],
[20 , 20],
1,
0,
[0 , 0]
);

Channel_4=CreateChannel(
"Channel_4",
[0.1 , 0.1],
[0.00785398163397448 , 0.00785398163397448],
[0.6 , 0.6],
[0 , 0],
[0.375 , 0.375],
[0.375 , 0.375],
[1 , 1],
[1 , 1 , 1],
[1E-5 , 1E-5],
[0 , 0],
0,
1,
1,
1,
1,
1,
1,
1,
1,
30,
1,
0,
[100000 , 100000],
[200000 , 200000],
[20 , 20],
1,
0,
[0 , 0]
);

Channel_5=CreateChannel(
"Channel_5",
[0.08 , 0.08],
[0.00502654824574367 , 0.00502654824574367],
[0.3 , 0.3],
[0 , 0],
[3.86 , 3.86],
[3.86 , 3.86],
[1 , 1],
[1 , 1 , 1],
[1E-5 , 1E-5],
[0 , 0],
0,
1,
1,
1,
1,
1,
1,
1,
1,
30,
1,
0,
[100000 , 100000],
[200000 , 200000],
[20 , 20],
1,
0,
[0 , 0]
);

Channel_7=CreateChannel(
"Channel_7",
[0.1 , 0.1 , 0.1 , 0.1],
[0.00785398163397448 , 0.00785398163397448 , 0.00785398163397448 , 0.00785398163397448],
[0.7 , 0.7 , 0.7 , 0.7],
[0 , 0 , 0 , 0],
[0.55 , 0.55 , 0.55 , 0.55],
[0.55 , 0.55 , 0.55 , 0.55],
[1 , 1 , 1 , 1],
[1 , 1 , 1 , 1 , 1],
[1E-5 , 1E-5 , 1E-5 , 1E-5],
[0 , 0 , 0 , 0],
0,
1,
1,
1,
1,
1,
1,
1,
1,
30,
1,
0,
[100000 , 100000 , 100000 , 100000],
[200000 , 200000 , 200000 , 200000],
[20 , 20 , 20 , 20],
1,
0,
[0 , 0 , 0 , 0]
);

Channel_8=CreateChannel(
"Channel_8",
[0.08 , 0.08],
[0.00502654824574367 , 0.00502654824574367],
[0.3 , 0.3],
[0 , 0],
[3.86 , 3.86],
[3.86 , 3.86],
[1 , 1],
[1 , 1 , 1],
[1E-5 , 1E-5],
[0 , 0],
0,
1,
1,
1,
1,
1,
1,
1,
1,
30,
1,
0,
[100000 , 100000],
[200000 , 200000],
[20 , 20],
1,
0,
[0 , 0]
);

Channel_9=CreateChannel(
"Channel_9",
[0.08 , 0.08 , 0.08 , 0.08 , 0.08 , 0.08],
[0.00502654824574367 , 0.00502654824574367 , 0.00502654824574367 , 0.00502654824574367 , 0.00502654824574367 , 0.00502654824574367],
[0.55 , 0.55 , 0.55 , 0.55 , 0.55 , 0.55],
[0 , 0 , 0 , 0 , 0 , 0],
[0.325 , 0.325 , 0.325 , 0.325 , 0.325 , 0.325],
[0.325 , 0.325 , 0.325 , 0.325 , 0.325 , 0.325],
[1 , 1 , 1 , 1 , 1 , 1],
[1 , 1 , 1 , 1 , 1 , 1 , 1],
[1E-5 , 1E-5 , 1E-5 , 1E-5 , 1E-5 , 1E-5],
[0 , 0 , 0 , 0 , 0 , 0],
0,
1,
1,
1,
1,
1,
1,
1,
1,
30,
1,
0,
[100000 , 100000 , 100000 , 100000 , 100000 , 100000],
[200000 , 200000 , 200000 , 200000 , 200000 , 200000],
[20 , 20 , 20 , 20 , 20 , 20],
1,
0,
[0 , 0 , 0 , 0 , 0 , 0]
);

Channel_10=CreateChannel(
"Channel_10",
[0.08 , 0.08],
[0.00502654824574367 , 0.00502654824574367],
[0.3 , 0.3],
[0 , 0],
[3.86 , 3.86],
[3.86 , 3.86],
[1 , 1],
[1 , 1 , 1],
[1E-5 , 1E-5],
[0 , 0],
0,
1,
1,
1,
1,
1,
1,
1,
1,
30,
1,
0,
[100000 , 100000],
[200000 , 200000],
[20 , 20],
1,
0,
[0 , 0]
);

Channel_11=CreateChannel(
"Channel_11",
[0.08 , 0.08 , 0.08 , 0.08 , 0.08 , 0.08],
[0.00502654824574367 , 0.00502654824574367 , 0.00502654824574367 , 0.00502654824574367 , 0.00502654824574367 , 0.00502654824574367],
[0.55 , 0.55 , 0.55 , 0.55 , 0.55 , 0.55],
[0 , 0 , 0 , 0 , 0 , 0],
[1.61333333333333 , 1.61333333333333 , 1.61333333333333 , 1.61333333333333 , 1.61333333333333 , 1.61333333333333],
[1.61333333333333 , 1.61333333333333 , 1.61333333333333 , 1.61333333333333 , 1.61333333333333 , 1.61333333333333],
[1 , 1 , 1 , 1 , 1 , 1],
[1 , 1 , 1 , 1 , 1 , 1 , 1],
[1E-5 , 1E-5 , 1E-5 , 1E-5 , 1E-5 , 1E-5],
[0 , 0 , 0 , 0 , 0 , 0],
0,
1,
1,
1,
1,
1,
1,
1,
1,
30,
1,
0,
[100000 , 100000 , 100000 , 100000 , 100000 , 100000],
[200000 , 200000 , 200000 , 200000 , 200000 , 200000],
[20 , 20 , 20 , 20 , 20 , 20],
1,
0,
[0 , 0 , 0 , 0 , 0 , 0]
);

Channel_12=CreateChannel(
"Channel_12",
[0.08 , 0.08 , 0.08 , 0.08 , 0.08 , 0.08],
[0.00502654824574367 , 0.00502654824574367 , 0.00502654824574367 , 0.00502654824574367 , 0.00502654824574367 , 0.00502654824574367],
[0.55 , 0.55 , 0.55 , 0.55 , 0.55 , 0.55],
[0 , 0 , 0 , 0 , 0 , 0],
[0.325 , 0.325 , 0.325 , 0.325 , 0.325 , 0.325],
[0.325 , 0.325 , 0.325 , 0.325 , 0.325 , 0.325],
[1 , 1 , 1 , 1 , 1 , 1],
[1 , 1 , 1 , 1 , 1 , 1 , 1],
[1E-5 , 1E-5 , 1E-5 , 1E-5 , 1E-5 , 1E-5],
[0 , 0 , 0 , 0 , 0 , 0],
0,
1,
1,
1,
1,
1,
1,
1,
1,
30,
1,
0,
[100000 , 100000 , 100000 , 100000 , 100000 , 100000],
[200000 , 200000 , 200000 , 200000 , 200000 , 200000],
[20 , 20 , 20 , 20 , 20 , 20],
1,
0,
[0 , 0 , 0 , 0 , 0 , 0]
);

Channel_13=CreateChannel(
"Channel_13",
[0.08 , 0.08],
[0.00502654824574367 , 0.00502654824574367],
[0.3 , 0.3],
[0 , 0],
[3.86 , 3.86],
[3.86 , 3.86],
[1 , 1],
[1 , 1 , 1],
[1E-5 , 1E-5],
[0 , 0],
0,
1,
1,
1,
1,
1,
1,
1,
1,
30,
1,
0,
[100000 , 100000],
[200000 , 200000],
[20 , 20],
1,
0,
[0 , 0]
);

Channel_14=CreateChannel(
"Channel_14",
[0.08 , 0.08 , 0.08 , 0.08 , 0.08 , 0.08],
[0.00502654824574367 , 0.00502654824574367 , 0.00502654824574367 , 0.00502654824574367 , 0.00502654824574367 , 0.00502654824574367],
[0.55 , 0.55 , 0.55 , 0.55 , 0.55 , 0.55],
[0 , 0 , 0 , 0 , 0 , 0],
[1.61333333333333 , 1.61333333333333 , 1.61333333333333 , 1.61333333333333 , 1.61333333333333 , 1.61333333333333],
[1.61333333333333 , 1.61333333333333 , 1.61333333333333 , 1.61333333333333 , 1.61333333333333 , 1.61333333333333],
[1 , 1 , 1 , 1 , 1 , 1],
[1 , 1 , 1 , 1 , 1 , 1 , 1],
[1E-5 , 1E-5 , 1E-5 , 1E-5 , 1E-5 , 1E-5],
[0 , 0 , 0 , 0 , 0 , 0],
0,
1,
1,
1,
1,
1,
1,
1,
1,
30,
1,
0,
[100000 , 100000 , 100000 , 100000 , 100000 , 100000],
[200000 , 200000 , 200000 , 200000 , 200000 , 200000],
[20 , 20 , 20 , 20 , 20 , 20],
1,
0,
[0 , 0 , 0 , 0 , 0 , 0]
);

//Рёбра теплогидравлической схемы

CreateRebro(
Node_8,
Node_2,
Channel_1
);

CreateRebro(
Node_2,
Node_3,
Channel_2
);

CreateRebro(
Node_3,
NodeK_1,
Channel_3
);

CreateRebro(
Node_3,
Node_4,
Channel_4
);

CreateRebro(
Node_4,
NodeK_2,
Channel_5
);

CreateRebro(
Node_2,
Node_5,
Channel_7
);

CreateRebro(
Node_5,
NodeK_3,
Channel_8
);

CreateRebro(
Node_5,
Node_6,
Channel_9
);

CreateRebro(
Node_6,
NodeK_4,
Channel_10
);

CreateRebro(
Node_6,
NodeK_8,
Channel_11
);

CreateRebro(
Node_4,
Node_7,
Channel_12
);

CreateRebro(
Node_7,
NodeK_6,
Channel_13
);

CreateRebro(
Node_7,
NodeK_7,
Channel_14
);

//Задвижки, местные сопротивления и клапаны

K4=CreateZadv(
"K4",
Channel_5,
1,
100,
1,
100000000000000,
0,
0,
1
);


K5=CreateZadv(
"K5",
Channel_13,
1,
100,
1,
100000000000000,
0,
0,
1
);


K6=CreateZadv(
"K6",
Channel_14,
1,
100,
1,
100000000000000,
0,
0,
1
);


K3=CreateZadv(
"K3",
Channel_8,
1,
100,
1,
100000000000000,
0,
0,
1
);


K1=CreateZadv(
"K1",
Channel_11,
1,
100,
1,
100000000000000,
0,
0,
1
);


K0=CreateZadv(
"K0",
Channel_1,
1,
100,
1,
100000000000000,
0,
0,
1
);


K7=CreateZadv(
"K7",
Channel_3,
1,
100,
1,
100000000000000,
0,
0,
1
);


K2=CreateZadv(
"K2",
Channel_10,
1,
100,
1,
100000000000000,
0,
0,
1
);


Ksi_3=CreateKsi(
"Ksi_3",
Channel_1,
1,
1.7,
1.7,
0.001
);


//Роторы

//Активные элементы - насосы и турбины

//Тепловые граничные условия

//Зазоры между стенками

//Поперечные перетоки между стенками

//Тепловые структуры

//Тепловые структуры с тепловым излучением

//Связи типа "тепловое излучение"

//Связи стенок и объектов типа "зазор между стенками"

//Связи баков со стенками

CreateBakWallConnection(
"Tank_7",
0,
0
);

CreateBakWallConnection(
"Tank_3",
0,
0
);

CreateBakWallConnection(
"Tank_0",
0,
0
);

CreateBakWallConnection(
"Tank_1",
0,
0
);

CreateBakWallConnection(
"Tank_2",
0,
0
);

CreateBakWallConnection(
"Tank_5",
0,
0
);

CreateBakWallConnection(
"Tank_6",
0,
0
);

//Блоки - отладочная информация

//Блоки - свойства теплоносителя

//Блоки - источники концентраций примесей
